30
sweep 0; box 100 100 100
49.288 49.646 46.769  0.7921 0.41298 0.44948  0.15715  0.57358 -0.80393
 18.136 -10.126  24.065  0.23706 -0.40231 -0.88428 0.41773 0.86399 -0.2811
 29.728 -18.345  37.243 -0.31299 -0.89578  0.31562  0.94171 -0.24954  0.22563
 -37.41 -28.979 -44.878  0.49732 -0.69587  0.51811  -0.73103 -0.014527   0.68219
29.397 42.087 30.753  0.9104 0.36862 0.18787   0.38244  -0.92301 -0.042223
 37.676  30.818 -48.223 -0.4926 -0.5145 0.70187    0.269 -0.85704 -0.43945
 26.173 -26.984  30.973 0.71846 0.63019 0.29439 -0.32689  0.67951 -0.65681
-10.768  6.1557 -29.193 -0.30094 -0.24484  0.92168 0.86494 0.33697 0.37193
-14.365  46.497 -34.556 -0.7912 0.30391 -0.5307 -0.60833   -0.302  0.73398
 42.749 -6.3882  36.268 -0.50576  0.81081  -0.2946 -0.25531 -0.46688 -0.84666
2.9842  21.61 48.838 -0.39785 -0.49897   0.7699 -0.38069   0.8533   0.3563
  0.319 -3.7526  4.6592 -0.50418  0.79953  0.32642  0.80795  0.57019 -0.14868
 47.993 -46.568    47.7   -0.9605  -0.26429 -0.087157 -0.2694  0.8045 0.52934
-45.494  16.012  24.994 0.71329 0.31693 0.62511  -0.569 0.78262 0.25248
-11.767  26.242 -45.953  0.65132 -0.75023  0.11377 0.73479   0.661 0.15219
 32.346 -19.817 -45.206    0.99585  -0.091015 -0.0018336 0.090921  0.99341 0.069723
-46.673 -33.713  37.736 -0.097698   0.61355  -0.78359 -0.77371 -0.54205 -0.32796
-0.96985   45.494   15.197 0.68218 0.38448 0.62194  0.42496  0.48371 -0.76514
-17.749 -9.5019  40.843  0.99473 0.051457 0.088666 -0.076595   0.94791   0.30919
 12.344  31.187 -18.749 -0.23443  0.86511  0.44342 -0.83308 0.056298 -0.55028
-12.058 -4.1503 -19.639 -0.34417 -0.55214  -0.7594  0.93864 -0.22179 -0.26414
-10.641  37.019 -13.914  0.9379 0.32756 0.11426 -0.33641  0.77834  0.53011
40.018 -30.55   38.6  0.99982  0.01583 0.010469 -0.016921   0.99333   0.11403
-2.6985 -41.018  14.455   0.3192  0.63439 -0.70403 -0.48751  0.74698  0.45206
 18.041  20.732 -33.767 -0.23674  0.88734  0.39571 -0.41253 -0.46056  0.78594
-38.681  49.353 -31.843   0.59958 -0.040419   0.79929 -0.67233  0.51632  0.53045
-15.567 -21.837  46.864  0.87699 -0.41073  0.24936 0.28483 0.86233 0.41865
-9.8429 -8.6709 -32.985  0.67669 -0.73429 0.053972  0.50631  0.41086 -0.75819
 38.397  45.922 -48.193 0.31745 0.68066 0.66025 -0.94801   0.2114  0.23787
-20.804  34.711 -26.924  0.70864 -0.31648 -0.63061   0.4442  0.89452 0.050242
30
sweep 2000; box 100 100 100
47.838 39.307 35.561 0.90442 0.35982 0.22926 -0.19515  0.82673 -0.52768
 15.663 -9.2631  26.822  0.11588 -0.80379 -0.58351 -0.55727  0.43368 -0.70807
 26.284 -18.871  39.571 -0.57417 -0.79388 -0.20019  0.81588 -0.53442 -0.22075
-45.801 -15.565 -34.077  0.59657 -0.46517    0.654  -0.76472 -0.082213   0.63909
38.072 45.002 26.938   0.9578  0.27595 0.080372  0.20611 -0.85434   0.4771
 45.131  7.9191 -32.293 -0.48378 -0.50296  0.71623  0.34466 -0.86173 -0.37233
 37.282 -22.104  32.374 0.75149 0.63101 0.19256 -0.65746  0.69201  0.29812
-19.144  10.745   -27.3 -0.49526  0.27769  0.82317  0.75382 -0.33364  0.56608
-13.527  43.885 -41.826 -0.83032  0.38931 -0.39875 -0.55582 -0.63028  0.54204
  44.99 -2.6927  40.576 -0.64254    0.455 -0.61654 -0.40146 -0.88524  -0.2349
   10.4  31.877 -46.934 -0.42976 -0.66063  0.61553 -0.4972 0.74217 0.44941
4.3346 -12.06 16.792 0.05944 0.82113 0.56764 0.92733 -0.2559 0.27308
 46.995 -39.533  33.498 -0.51796 -0.46145  0.72027 0.073461  0.81491  0.57491
-45.311   20.97  23.845 0.79953 0.30997 0.51447 -0.49074  0.83099  0.26198
-10.881  23.191  43.836  0.81586 -0.57257 0.080822 0.53515 0.80059 0.26959
 43.175 -18.615 -31.628  0.55302 -0.55827  0.61847 0.65128 0.75261 0.09699
-47.732 -29.033  36.083 0.098173  0.55725 -0.82452 -0.0023336   -0.82839   -0.56014
-1.177 46.632  4.132 0.75489 0.62972  0.1833  0.55303 -0.46093 -0.69405
-12.793  2.0842  48.949  0.94852 0.095688   0.3019 -0.27265  0.73171  0.62471
 24.204  31.365 -18.698 -0.43121  0.85675  0.28292 -0.24042  0.19312 -0.95126
   -4.892 -0.093878   -15.914 -0.41287 -0.65019  -0.6378  0.82754 0.024674 -0.56086
0.97853  36.296 -3.8408 0.75218 0.28567 0.59381 -0.57663   0.7215  0.38332
 36.766 -26.377  44.336  0.7014 0.62908 0.33511 -0.39365  0.73383 -0.55366
-8.4512  40.771  29.821  0.26031   0.9475 -0.18571 -0.72185  0.31871   0.6143
 23.827    29.8 -30.541 -0.43967  0.85258   0.2825 -0.19733 -0.39855  0.89567
 -35.06 -42.779 -42.762 0.79939 0.46094 0.38536 -0.50909  0.86029 0.027022
-11.644 -19.966 -43.906  0.88268 -0.45632  0.11248 0.32794 0.76944  0.5481
-18.693 -7.2256 -38.515   0.5504 -0.74438   0.3781  0.45674 -0.11063 -0.88269
 31.473  31.074 -44.956 0.049478  0.61343   0.7882 -0.90201   0.3663 -0.22846
-16.307  35.608 -35.708  0.74785 -0.65542 -0.10561  0.48133  0.64487 -0.59369
30
sweep 4000; box 100 100 100
-45.17  38.15 39.792   0.98347 -0.026398   0.17913  0.10997  0.87304 -0.47508
 15.255 -15.405  25.956 0.070664 -0.66712 -0.74159 -0.40797  0.65909 -0.63179
  28.06 -15.332  42.684 -0.74588 -0.58415 -0.32004  0.66597 -0.66271  -0.3425
 -44.22 -10.579 -31.642  0.29879 -0.72123  0.62494 -0.87772 0.049382  0.47663
49.108  46.02 28.394 0.98857 0.10854  0.1046 0.042055 -0.86494  0.50011
 46.335  2.0139 -29.602  0.38732 -0.67372  0.62935 -0.10997 -0.71152 -0.69401
 34.846 -24.464  34.927 0.88191 0.28924 0.37226 -0.45726  0.71691  0.52626
-18.405   12.53 -35.585 -0.26386  0.22808  0.93721   0.4069 -0.85463  0.32255
-14.999  43.262  44.115  -0.8259  0.19613 -0.52861 -0.49745 -0.69478  0.51944
 40.333 -11.662  37.646 -0.85721  -0.2944 -0.42252 -0.078286  -0.73644   0.67196
-0.14518   31.443  -43.648 -0.91082 -0.35764 -0.20613 -0.37619  0.92474 0.057787
 7.2891 -14.453  16.496 -0.16211  0.61373   0.7727   0.97941 0.0045983   0.20182
 46.358 -38.329  33.646 -0.89335 -0.44052 0.088687  0.23876 -0.29814  0.92418
-46.458  26.433  24.397 0.62424 0.71168 0.32224 -0.77054  0.62889  0.10377
-1.2745    27.7  41.919  0.76014 -0.43899  0.47904   0.51529   0.85639 -0.032862
 44.469 -14.087 -28.858  0.38228 -0.75506  0.53268 0.83303 0.53108 0.15497
-48.909 -32.772   45.87  0.89378  0.35369 -0.27579 0.090079 -0.74395 -0.66214
-8.3534  45.349 0.60943 0.80209 0.33054 0.49739  0.56045 -0.70427 -0.43577
-7.6257  1.5301  48.073 0.31157 -0.1536 0.93773 -0.88819  0.30363  0.34484
 28.613  32.238 -17.483 -0.19443  0.90611  0.37571 -0.20094  0.33811 -0.91941
-2.5471   10.21  -29.97 -0.77504 -0.51681 -0.36362  0.58309 -0.36312 -0.72674
7.4745 41.359 1.6318 0.66542 0.31182 0.67822 -0.73504  0.43211   0.5225
 44.209 -18.167 -49.901 0.79516 0.53611 0.28337 -0.097281   0.57403  -0.81304
-1.4466  41.816  35.569 -0.76303  0.62869 -0.15014 -0.59585 -0.59412  0.54036
 24.547  24.971 -32.181 0.045484  0.90765  0.41727  0.14721 -0.41923  0.89587
  -42.1 -42.684  39.644 0.84236 0.50278  -0.194  -0.52157   0.85118 -0.058739
-13.792 -17.169 -41.087  0.12087 -0.56844   0.8138 0.048201   0.8222  0.56715
 -20.33 -2.9312 -44.548 0.050352 -0.44431  0.89446  0.86297 -0.43147 -0.26291
33.342 33.501 46.104 -0.55436  0.82916  0.07196  -0.5314 -0.28609 -0.79735
-10.828  39.385 -40.846  0.83718 -0.20408  0.50742  0.35787 -0.49717 -0.79041
30
sweep 6000; box 100 100 100
-39.135  30.085  38.328 0.89214 0.27884 0.35543 -0.23645  0.95862 -0.15854
14.957 -13.03 22.626 0.064447  -0.7025 -0.70876 -0.41007  0.62886 -0.66059
 27.561 -11.886  41.214 -0.81456 -0.43191 -0.38722  0.57201 -0.70901 -0.41245
-47.016 -8.8972 -27.954 0.0039081    -0.444   0.89602 -0.90931  0.37127  0.18794
-47.451   38.48  30.043 0.77796 0.44025 0.44828   0.4082 -0.89653  0.17206
 46.491 -2.9148 -17.607 -0.11203 -0.42613   0.8977 -0.09862 -0.89416 -0.43676
 34.466 -20.084  33.918   0.90371 -0.004962   0.42812 -0.24311  0.81715  0.52265
-19.397  16.147 -37.488 -0.16222  0.15043  0.97522  0.32554 -0.92482   0.1968
-10.728  44.409  42.493 -0.95334 0.031118 -0.30028  -0.2621 -0.57888  0.77214
  42.36 -9.7156  36.728  -0.90063 0.0075181  -0.43452 -0.2935 -0.7479  0.5954
-0.11356   33.612  -49.786   -0.94786 -0.0012443    -0.3187 0.049537  0.98726 -0.15118
 4.6038 -12.326  14.453 0.032791  0.69857  0.71479  0.93974 -0.26506  0.21594
46.903 -36.49 33.899 -0.82122 -0.56096  0.10451 0.027402  0.14418  0.98917
-49.969   24.18  22.769  0.7574 0.56997 0.31855  -0.652 0.68653 0.32183
2.3467 28.801 32.833  0.89711 -0.41752  0.14443  0.41977  0.90749 0.016055
 40.892 -12.062 -24.317 0.059633 -0.59806  0.79923 0.87246 0.42026 0.24938
 44.207 -34.206   47.25   0.75243    0.6586 0.0096232  0.50704 -0.56982 -0.64669
-5.3581  49.024 -1.7785   0.83598   0.54848 -0.017599   0.4435 -0.69416 -0.56696
-7.0954  4.6534  48.624  0.26875 -0.49134  0.82847 -0.94394 0.036862  0.32806
 35.567   28.63 -20.276 -0.23894  0.51115  0.82561 -0.12993  0.82576 -0.54885
-12.545  6.8539 -39.505  -0.89051  -0.45272 -0.045086 -0.051891   0.19952  -0.97852
-9.7566  36.225 -8.4393 0.91737 0.32643 0.22776 -0.38812  0.60667  0.69377
 39.326 -19.322  47.102 0.84322  0.3499 0.40811 0.041651  0.71436 -0.69854
11.365 38.505 29.571 -0.77679  0.49125 -0.39404 -0.62926 -0.58069  0.51656
 36.329  38.368 -29.364 -0.21574  0.38695  0.89651 -0.16156 -0.91962  0.35805
-44.083 -38.352  43.375  0.74102  0.65611 -0.14282 -0.66714  0.69527 -0.26743
-9.4996 -10.494 -46.676   0.2682 -0.39468   0.8788 -0.33003  0.81938  0.46872
-19.796 0.68778  45.253 0.048813 -0.52277  0.85108  0.97466 -0.16129 -0.15497
36.313 35.947 45.081   -0.6949    0.7146 -0.080406 -0.58257 -0.62497 -0.51963
-16.465  43.849 -49.117  0.95395 0.042338  0.29695  0.28142 -0.46892 -0.83721
30
sweep 8000; box 100 100 100
-38.662   32.53  39.211 0.91925 0.13385 0.37021  -0.12577   0.99099 -0.046011
 5.5009 -26.129  18.651  0.13777 -0.62799 -0.76593 -0.5542 0.59204 -0.5851
 25.728 -13.779  42.707 -0.78553  -0.3843 -0.48504  0.61683 -0.42335 -0.66354
-43.606 -10.805 -23.293 -0.13898 -0.57867  0.80364 -0.83035   0.5103  0.22385
-48.626  41.358   32.77 0.70733 0.32501 0.62774   0.5651 -0.79349 -0.22591
 -48.51 -2.8406 -13.423  -0.1293 -0.45273  0.88222 0.015516 -0.89051 -0.45471
 33.323 -19.695  32.614 0.90129 0.21222 0.37768 -0.43222   0.4997  0.75066
-5.7902  11.141 -43.018   0.60105 -0.013643    0.7991 0.040312 -0.99806 -0.04736
-13.643  44.658  41.324  -0.9795 0.026786 -0.19964 -0.18224 -0.54005  0.82167
 40.687 -7.6987  39.306 -0.87532  -0.1676 -0.45356 -0.052162  -0.89981   0.43315
0.72876  34.388  48.668  -0.9948  0.01641 -0.10054 -0.0019135    0.98376     0.1795
 2.7514 -16.076  9.1151 -0.0072137    0.77868    0.62738  0.58585 -0.50515  0.63372
-45.478 -32.183  34.904  -0.84309  -0.53775 0.0056075  0.20408 -0.31028  0.92848
-45.934  33.656  21.322 0.86677 0.13699 0.47953 -0.47079  0.54199  0.69613
-0.072051    28.121    33.797  0.87821 -0.46047  -0.1293  0.21831  0.62646 -0.74826
 44.033 -10.588 -23.545 0.038553  -0.4033  0.91426 0.88183 0.44406  0.1587
 48.694 -32.284  47.118 0.76326 0.63629 0.11209  0.53713  -0.5285 -0.65741
 2.9962   45.93 -8.2491  0.82656   0.3376 -0.45037   0.35777  -0.93284 -0.042646
 -5.04 3.0277 46.583 0.59686 0.05411 0.80052 -0.79286  0.19271  0.57813
 37.201  23.478 -23.444 0.20452 0.26819 0.94141   0.1939  0.93158 -0.30751
-6.8278  1.1257  -37.27 -0.55652 0.032612 -0.83019 0.70929 0.53899 -0.4543
-6.6066  29.193 -8.9158  0.85174  0.44943 -0.26935 -0.29641   0.8372  0.45959
 41.041 -19.013  46.996 0.70405 0.53465 0.46741 -0.28954   0.8171 -0.49852
10.352 34.431 31.274 -0.88661  0.45515 0.082185 -0.35991 -0.79055  0.49547
 38.669   37.12 -14.951 0.16363 0.26836 0.94932  0.42583 -0.88724  0.17741
-40.326 -38.545  46.342  0.73036  0.67033 -0.13126 -0.64645  0.61625 -0.44982
-14.315 -12.414  37.504  0.12959 -0.13724  0.98202 -0.54654  0.81647  0.18623
-24.831  -5.163  42.034  0.11303 -0.41048  0.90484 0.97547 -0.1273 -0.1796
 29.314  37.033 -47.885 -0.60164  0.53818 -0.59024 -0.70933 -0.69973 0.085027
-14.823  43.696 -46.377  0.96331 -0.10018  0.24898  0.18103 -0.44235 -0.87838
30
sweep 10000; box 100 100 100
-31.471  34.348  38.068  0.94921 0.063771   0.3081 -0.10672  0.98645   0.1246
 8.0129 -24.372  15.943  0.47203 -0.29545  -0.8306 -0.54008  0.64776 -0.53733
 27.151 -17.613  39.093 -0.61228 -0.35532  -0.7063  0.77662 -0.43776 -0.45301
-46.767 -11.864 -22.637  0.39995 -0.45752  0.79418 -0.68625  0.42488  0.59036
-44.391  45.241  35.433   0.71425 0.0082604   0.69984  0.57292 -0.58125 -0.57785
 49.751  -3.759 -15.704   0.3649 -0.50357  0.78311  -0.2572  -0.8629 -0.43503
 34.896 -23.326  30.619 0.74861 0.15434 0.64479 -0.60148  0.56725  0.56255
-7.5413  10.424  49.373   0.50108 -0.089427   0.86077 0.035162 -0.99172  -0.1235
-15.192  45.594   38.63  -0.97232 0.0023482  -0.23364 -0.18149 -0.63738  0.74887
37.755 -12.49 37.191  -0.74376 -0.084304  -0.66311 -0.19854 -0.91939  0.33957
6.4337 33.293 47.454 -0.94182  0.19237 -0.27561 0.075867  0.92052  0.38326
-0.1065 -17.463  10.635 -0.14476  0.66041  0.73682 0.72431 -0.4366 0.53362
-39.782 -30.156  37.652 -0.73381 -0.67127 -0.10452  0.12728 -0.28697  0.94945
-48.098  39.047  17.102  0.67261 0.057116  0.73779 -0.39721  0.86908  0.29484
5.6791 23.198 30.123   0.6344 -0.70392  0.31943 0.76248  0.6378 -0.1088
 44.316 -13.809 -16.701  0.35549 -0.47621  0.80427    0.80379    0.59491 -0.0030269
-44.813 -33.538 -49.849   0.75164   0.65917 -0.023321 0.41864 -0.5041 -0.7554
  2.562  42.966 -13.035  0.70373  0.51066 -0.49395  0.50724 -0.84794 -0.15395
-3.4657 0.11469  44.705  0.5177 0.03324 0.85492 -0.79699  0.38212  0.46776
 25.311  32.456 -26.392  0.60377 -0.15841  0.78126  0.52515  0.81638 -0.24031
 -6.8307 -0.78884  -38.881 -0.55603 0.073082 -0.82794   0.7289  0.52157 -0.44348
 1.6857  27.301 -9.7395    0.735  0.62953 -0.25193 -0.63349  0.77002 0.075919
38.147 -22.43 46.146 0.64041 0.40137 0.65481 -0.022327   0.86195   -0.5065
13.473 32.368 25.323 -0.75938  0.46452 -0.45558 -0.58347 -0.79604  0.16088
 32.783  41.832 -19.281  0.79402 -0.12645  0.59459  0.16827 -0.89418 -0.41487
-30.187 -35.222  45.566  0.81873  0.57105 0.059842  -0.56446   0.81959 -0.098296
-12.476 -14.414  39.246 0.048573 -0.26565  0.96284 -0.95428  0.27231  0.12327
-21.735 -3.5144  34.141 0.0095638  -0.39675   0.91788  0.96092 -0.25032 -0.11822
 20.803  41.229 -45.842 -0.74679  0.27245 -0.60669 -0.53922 -0.78201  0.31256
-8.1115   42.59 -48.438   0.97429 -0.094535   0.20448  0.17367 -0.26295 -0.94905
30
sweep 12000; box 100 100 100
-24.768  37.392  42.386  0.83613 -0.02087  0.54814  0.18927  0.94888 -0.25258
12.672 -22.16 6.8513 -0.0057865   -0.45179   -0.89211 -0.85254  0.46849 -0.23172
 28.288 -16.747  39.741 -0.66536 -0.21433 -0.71509  0.72296 -0.42373 -0.54569
 47.606 -4.0561 -21.411  0.39465 -0.61634  0.68146 -0.85279 0.030416  0.52138
-42.739  48.177  34.184  0.79356 0.016082  0.60828  0.51807 -0.54219 -0.66154
 46.819 -7.5285 -4.8642  0.48157 -0.61154  0.62778  0.13271 -0.65716 -0.74197
  38.83 -22.842  31.811  0.79512 0.096298  0.59876 -0.5603 0.49441 0.66454
 -10.38  10.157 -47.368  0.31109 -0.15325  0.93794 -0.030307  -0.98801  -0.15138
-13.552   47.45  38.238 -0.94139 0.055211 -0.33278  -0.3134 -0.50808  0.80227
 43.483 -11.716  40.594 -0.83628 0.077197 -0.54285 -0.22033  -0.9539  0.20378
 5.1872  35.009 -48.687 -0.78987  0.16642 -0.59027 0.0081796   0.96525    0.2612
 5.2657 -11.065  9.1151  0.3077 0.37991 0.87234  0.58464 -0.79882  0.14167
-39.132 -34.324  35.717 -0.83509 -0.54786  0.04963  0.12944 -0.10801  0.98569
-44.782  45.502  17.235  0.77427 -0.22403  0.59187 -0.33741   0.6451  0.68557
15.811 11.103 32.068 0.55618  -0.698 0.45107 0.62455 0.70912 0.32724
 39.829 -10.874 -17.601 0.39717 -0.6715 0.62558 0.74069 0.63701 0.21352
-33.331  -24.45  45.088  0.84921  0.52781 0.016228  0.45363 -0.71343 -0.53408
-1.3612  30.537 -8.2378  0.75611   0.6281 -0.18385  0.48526 -0.72655 -0.48646
-3.6219 -1.9456  48.952  0.24393 0.017827  0.96963 -0.88685  0.40868  0.21559
  33.58  33.884 -21.801  0.69809 0.064404  0.71311 0.060907    0.987 -0.14876
-12.972 0.31537 -38.344  -0.3809  0.24469 -0.89165  0.90332  0.30427 -0.30239
-3.6801  13.398 -10.746  0.68853  0.71208 -0.13737 -0.69206  0.70178  0.16899
 41.515 -23.466  47.897 0.72776 0.25206 0.63783  0.13826    0.857 -0.49642
 19.01   25.7 26.337  -0.6218   0.6991 -0.35302 -0.71304 -0.69178 -0.11405
 23.754  43.437 -24.536  0.66041 0.085407  0.74603   0.6966 -0.44063  -0.5662
-27.397 -35.591  44.857  0.89369  0.44423 0.063062 -0.41469  0.87145 -0.26194
-6.7858 -13.419  33.188 -0.13335 -0.32314  0.93691   -0.9664   0.25201 -0.050633
-16.064 -3.7867  27.861 -0.23097 -0.17176  0.95768  0.93166 -0.32277   0.1668
 20.998  42.492 -42.806 -0.74339  0.10391 -0.66074 -0.63947 -0.40002  0.65655
-7.309 47.463 -47.74   0.94204 -0.078277   0.32623  0.18346 -0.69394 -0.69627
30
sweep 14000; box 100 100 100
-28.007  37.398  34.067  0.90345 0.066017  0.42359 -0.075578   0.99712  0.005793
 21.381 -13.821  4.1836 -0.20135 -0.81698 -0.54037  -0.96496    0.2602 -0.033845
 29.476 -19.828  39.834 -0.60797  0.06045 -0.79165   0.7287 -0.35338 -0.58661
-45.719 -6.5655 -21.352  0.82747 -0.47142  0.30504 -0.51482 -0.42005  0.74734
-40.28 47.992 28.824  0.80731 0.044709  0.58843  0.41348  -0.7543 -0.50996
  44.58 -3.5061 -12.567  0.86836 -0.40812  0.28175 0.055962 -0.48386 -0.87335
 36.616 -25.877  30.132  0.83651 0.022327  0.54749 -0.52502  0.31869  0.78917
-12.964  11.455 -45.933 -0.12473  0.23991  0.96275  0.10146 -0.96216  0.25291
-11.971  45.989  35.201 -0.84837 0.021347 -0.52898 -0.46834 -0.49615  0.73109
 44.554 -16.545  41.024 -0.51237  0.11676 -0.85079 -0.52361 -0.82773  0.20174
   6.52  32.142 -47.537 -0.81584  0.28105 -0.50538    0.32756    0.94482 -0.0033563
 12.809 -4.8209  8.7883 0.16171 0.38677 0.90789  0.84209 -0.53376 0.077399
-26.166 -27.878  31.399 -0.79082  -0.6025  0.10769 -0.021059   0.20263   0.97903
-46.237   45.04  12.226  0.87344 0.016288  0.48665 -0.36861  0.67514  0.63899
 9.665 10.025 29.372  0.52761 -0.41082  0.74354 0.51284 0.85182 0.10673
  37.09 -7.6722 -23.473  0.83953 -0.47792  0.25842  0.4108 0.86966 0.27376
 -31.69 -24.281  43.953  0.75347  0.65326 0.074355  0.61967 -0.66779 -0.41239
-15.804  25.817 -8.5467  0.74665  0.64979 -0.14245  0.48537 -0.67859 -0.55131
-4.3505  1.6034 -49.441 -0.040973  0.076703   0.99621   -0.8907   0.44898 -0.071203
   37.5  29.994 -23.831 0.74051 0.12735 0.65986  -0.13693   0.98988 -0.037379
-16.608   2.279 -40.822  0.11629 -0.23116 -0.96594   0.84415   0.53545 -0.026507
-13.584  17.948 -17.061  0.51602  0.70634 -0.48457 -0.31767  0.68317  0.65754
 41.873 -29.892  47.014  0.83655 0.097299  0.53918 0.18649 0.87477 -0.4472
17.335 19.401  29.56 -0.45007  0.46714 -0.76106  -0.5113 -0.83354 -0.20925
 24.274  39.448 -26.965   0.74338 -0.062629   0.66593   0.5676 -0.46766 -0.67759
-28.501 -36.235  42.848   0.77221   0.63138 -0.071011 -0.59245  0.67518 -0.43947
-8.8128 -15.897  40.881 -0.36009 -0.51959  0.77483  -0.90399 -0.010901  -0.42742
 -12.013 -0.32599   26.753 -0.60863 -0.36289  0.70561  0.78652 -0.39327  0.47616
 20.989      39 -43.901 -0.80443  0.18874 -0.56327 -0.58908 -0.37583  0.71536
 -6.888  46.048 -49.278  0.84359 -0.17974  0.50601  0.24789 -0.70555 -0.66389
30
sweep 16000; box 100 100 100
-31.978  35.337  33.616   0.81939 -0.040421   0.57181 0.23246 0.93524  -0.267
 16.178 -5.2144  9.3633  -0.4431 -0.84141 -0.30934 -0.79334  0.20736  0.57238
 25.642 -16.077  38.484 -0.74318 0.051688 -0.66709  0.56962 -0.47418 -0.67133
-40.463 -3.5273 -20.102  0.74969 -0.50621  0.42629 -0.65325  -0.4629  0.59915
-41.135   46.99  28.983  0.71026 0.079234  0.69947  0.54201 -0.69559 -0.47157
-44.544 -3.0769 -9.0947  0.75479 -0.46332  0.46436  0.17791 -0.53678 -0.82475
 29.774 -24.454  29.309  0.91655 -0.02639  0.39904 -0.33219   0.5053  0.79644
-11.413  8.4312 -42.976 -0.20469 0.049512  0.97757  -0.39157  -0.91946 -0.035423
-13.155   42.52  35.898 -0.90192  0.10598  -0.4187 -0.42843 -0.34229  0.83623
 42.303 -14.629  38.212 -0.78414 0.086392 -0.61454 -0.43144 -0.78769  0.43978
 3.1756  31.483 -48.385 -0.82779  0.13926 -0.54348 0.07886 0.98797 0.13305
0.17803 -13.203   10.98 0.62657 0.62866 0.46065  0.76429 -0.37992 -0.52109
-31.479 -27.822  29.759 -0.79672 -0.59155  0.12372  0.16341 -0.01378  0.98646
-41.891  40.675  14.506 0.77641 0.46875 0.42126 -0.48208 0.011189  0.87605
6.4214  11.62 24.826  0.60799 -0.38928  0.69196  0.71035  0.65599 -0.25512
 46.177 -7.8539 -21.101  0.76966 -0.42885  0.47297  0.46166  0.88555 0.051696
-29.804 -19.116  38.869  0.78134  0.59378 -0.19218  0.51106 -0.78547 -0.34908
-20.312  26.685 -7.3149  0.83692  0.51767 -0.17769 -0.031319  -0.27882  -0.95983
-9.0589 -1.2741 -42.775 -0.11104 0.067002  0.99155 -0.73191  0.66943  -0.1272
 37.108  28.598 -26.642   0.85443 0.0062565   0.51953 -0.045689   0.99696  0.063135
  -21.31 0.042245   -31.76  0.051282 -0.061126  -0.99681   0.80193    0.5974 0.0046228
-13.511  24.393 -18.502   0.91208   0.40996 0.0064829 -0.24924  0.54182  0.80269
37.998 -26.52 43.903   0.91774 -0.020712   0.39663   0.2696  0.76581 -0.58382
16.205 19.836 26.619 -0.63715  0.61014 -0.47093 -0.71059 -0.70166 0.052328
24.121 38.122 -28.08   0.85673 -0.032751   0.51472  0.46201 -0.39489 -0.79411
-33.386 -38.016   39.66 0.84853 0.38406  -0.364 -0.48656  0.83667 -0.25146
-11.246 -17.322  36.949 -0.72045 -0.57812  0.38304 -0.66433   0.4168 -0.62045
  -12.3 -1.1927   32.29 -0.56538  0.27694  0.77695  0.78325 -0.11504  0.61097
 20.566  38.439 -44.254 -0.82354 0.099939 -0.55838 -0.54907 -0.38769  0.74042
-7.3818  44.586 -49.047  0.88977 -0.14459   0.4329  0.27901 -0.57831 -0.76663
30
sweep 18000; box 100 100 100
-29.582  34.032  35.837 0.86974 0.10622 0.48195  0.11724  0.90413 -0.41085
 8.4755 -8.7135 -10.675 -0.20421 -0.90835 -0.36497 -0.41664 -0.25673  0.87207
 29.884 -11.269  40.514 -0.73121  0.20603 -0.65029  0.43285 -0.59666 -0.67575
-45.222 -3.6511 -30.303 0.93018 -0.3267 0.16744 -0.23639 -0.18407  0.95406
-40.315  43.609  31.562 0.81526 0.14654 0.56024  0.52037 -0.60988 -0.59772
-41.137 -3.2229 -18.848  0.95598 -0.27422  0.10442 -0.12686 -0.70714  -0.6956
 33.377 -20.737  32.309  0.94569 -0.14096   0.2929 -0.19018  0.49083  0.85025
-6.6704  3.1817 -42.591  0.053546 -0.031085   0.99808  -0.31521  -0.94894 -0.012644
-13.298  44.231  35.243 -0.90425  0.10068 -0.41497  -0.4112 -0.46731  0.78265
 42.351 -12.299  36.082 -0.69536  0.15463 -0.70183 -0.62072  -0.6214  0.47809
 6.5423  31.988 -46.739 -0.85162  0.14831 -0.50275   0.20657   0.97647 -0.061865
 2.4068 -1.3717  1.2767 0.41287 0.78894 0.45509  0.64748 0.097169 -0.75587
 -21.21 -24.569  26.793 -0.74849 -0.64527  0.15293  0.12073 0.094157  0.98821
-37.179  36.117  20.029   0.8747 -0.13574  0.46527 -0.39676   0.3508  0.84825
7.5424 17.963 24.164  0.74521 -0.44098  0.50019 0.66071 0.58966 -0.4645
-47.775 -12.421 -23.109  0.90736 -0.36895  0.20144   0.38276   0.92326 -0.033088
-28.848 -21.792   37.44   0.7566  0.63086 -0.17197  0.56338 -0.76243 -0.31829
-21.897  23.887 -8.6915  0.90645  0.21375 -0.36422 -0.31251 -0.24059 -0.91894
-4.1611 -6.6215 -43.593  0.022892 -0.010702   0.99968 -0.69912  0.71461  0.02366
  41.66  27.651 -27.359    0.8893 -0.060576    0.4533  0.16921  0.96443 -0.20307
-15.94 -4.207 -34.34  -0.19353 -0.073377  -0.97835  0.88213  0.42345 -0.20626
-19.914  24.704 -20.305  0.84956  0.43324 -0.30092 0.14237 0.36097 0.92165
 42.821 -24.331  46.235  0.93087 -0.07336  0.35791 0.27484 0.78605 -0.5537
22.222 23.403 28.816 -0.79305  0.36484 -0.48782  -0.5978 -0.62007  0.50809
 28.838  38.437 -29.755  0.92717 -0.09396  0.36266  0.19862 -0.69751  -0.6885
-24.492 -37.018  37.475  0.81579  0.49344 -0.30166 -0.57515  0.74694 -0.33357
-9.7942 -18.174  37.989 -0.75333 -0.53671  0.38003 -0.62426  0.40187 -0.66992
-8.3448 -3.3934  29.436 -0.57903  0.10443  0.80859   0.7995 -0.12164  0.58822
 22.055  38.542 -46.929   -0.859  0.14932 -0.48972  -0.5115 -0.20904  0.83347
-5.9602  44.657 -48.914  0.89256 -0.14152  0.42814   0.2562 -0.62218 -0.73976
30
sweep 20000; box 100 100 100
-28.889  30.267  32.751  0.8246 0.23758 0.51341 0.0029439   0.90572  -0.42386
 8.5926 -1.2923 -4.9647  0.24235 -0.89876 -0.36537 -0.24843 -0.42153  0.87212
 28.343 -15.111   41.64 -0.82247  -0.1089 -0.55829  0.49643 -0.61656 -0.61107
-47.002 -8.5233 -24.094  0.79235 -0.54151  0.28099 -0.30193 0.052138   0.9519
-41.12 39.981 28.404 0.82053 0.15066  0.5514  0.49423 -0.67163 -0.55195
-45.368 -2.6973 -12.671 0.84274 -0.4252 0.33015 -0.18139 -0.80172 -0.56952
   35.9 -23.924  34.464     0.9396 -0.0021715    0.34227 -0.26146  0.64078  0.72183
-10.455   6.908 -47.809  0.11277 -0.15924  0.98078 -0.28804 -0.94993 -0.12111
-12.137   41.75  33.264 -0.90527 0.023544 -0.42418 -0.36563 -0.55161   0.7497
  43.79 -13.615   39.49 -0.81745 -0.07781 -0.57072 -0.37451 -0.68101  0.62926
  5.944  31.638 -47.993  -0.8381  0.03944 -0.54408  0.18712  0.95766 -0.21881
1.9368 1.8344 8.8137 0.14841 0.93607 0.31899  0.43474  0.22797 -0.87123
-20.109 -24.035  27.607  -0.58144  -0.81357 0.0051983  0.17129 -0.11616  0.97835
-40.041  33.061  15.499   0.87355 -0.026156   0.48603 -0.47563   0.1662   0.8638
-0.96996   14.444   29.089   0.9616 -0.27305 0.027656  0.27361  0.94599 -0.17387
 40.638 -7.5758 -18.646  0.76194 -0.56617  0.31449  0.63814  0.73921 -0.21528
-24.962 -22.016  39.503  0.52377  0.83018 -0.19097  0.69232 -0.54547  -0.4724
-27.744  15.786 -8.0257   0.9039  0.38581 -0.18468 -0.10524 -0.21789 -0.97028
-7.9259 -6.6122 -43.219  0.11745 -0.25172  0.96065 -0.72798  0.63613  0.25569
 40.385  32.811 -25.154 0.81206 0.15534 0.56251 -0.028926   0.97345  -0.22707
-17.842 -2.8347 -35.144 -0.33872  0.06883 -0.93837  0.93769  0.10685 -0.33064
-20.994  17.318 -20.622   0.98336  -0.15869 -0.088477 0.058098 -0.18676  0.98069
 42.263 -23.907  47.974 0.97563 0.07503 0.20618  0.10485  0.66602 -0.73853
8.0314 23.462 21.246 -0.87683  0.45985 -0.14035  -0.3688 -0.45601  0.80996
 26.83 42.727 -30.01 0.85806  0.1243 0.49828  0.44818 -0.65495 -0.60842
-20.883 -37.438  36.006  0.71987  0.66479 -0.19961 -0.69293  0.67149 -0.26259
-7.8904 -15.899   38.53  -0.5588 -0.78102  0.27886  -0.7191  0.28883 -0.63204
-12.863 0.30167  31.889 -0.7194 0.12373 0.68349 0.69455  0.1401 0.70567
 22.404  38.761 -46.771 -0.81123 0.052084  -0.5824  -0.58468 -0.059392   0.80909
-7.2505  42.642  48.553   0.88774 -0.066027   0.45559  0.29164 -0.68506 -0.66756
30
sweep 22000; box 100 100 100
-28.363  29.232  34.012 0.78517 0.23348 0.57358 -0.0039188    0.92806   -0.37241
-4.9727 0.34491 -2.7981  0.53967 -0.83187   0.1294  -0.26531 -0.022184   0.96391
 27.115 -14.991   47.47  -0.80626 -0.022779  -0.59112  0.40624 -0.74769 -0.52529
-42.473 -12.769  -24.66  0.78795 -0.23808  0.56785 -0.54051  0.17427  0.82309
-39.561  37.622  28.501 0.69157  0.3555 0.62876  0.70056  -0.5421 -0.46405
-43.329 -6.6306 -12.471   0.7761 -0.13984  0.61491 0.084825 -0.94309 -0.32153
 29.445 -26.264  42.338   0.95594 -0.068662   0.28543 -0.12243  0.79044  0.60017
-7.8772  11.545 -43.012 -0.13671  0.15069  0.97908 -0.67163 -0.74061 0.020212
-14.872  41.533  34.147 -0.80091 0.069271 -0.59477 -0.58023 -0.33517  0.74229
41.005 -16.64  44.41  -0.82585 -0.011397  -0.56377 -0.49771  -0.4552  0.73829
 5.0787  32.932 -43.813 -0.86627  -0.0724 -0.49431 -0.0054603    0.99076   -0.13554
-9.0342  2.6405  7.9695   0.08111   0.99634 -0.027148   0.42444 -0.059172  -0.90352
-17.744 -21.877  28.295 -0.70409  -0.6925  0.15718  0.28008 -0.06742  0.95761
-35.684  30.725   16.77 0.84866  0.1392  0.5103 -0.5219 0.37725 0.76505
12.855 15.964 23.913  0.9682 -0.2248 0.10977  0.25016  0.86531 -0.43434
 48.947 -15.665 -15.063  0.84423 -0.13985  0.51741 0.45298  0.7022 -0.5493
-21.499 -19.328   39.19  0.62128  0.76505 -0.16946  0.56338 -0.58643 -0.58198
-29.297  17.079 -16.525   0.76235   0.64655 -0.028077  0.17597 -0.24885 -0.95242
 -8.3883 -0.42474  -43.223 -0.20747 0.086812  0.97438  -0.4228  0.89026 -0.16934
  38.65  40.696 -25.181  0.8631 0.30195 0.40482 -0.056331   0.85414  -0.51699
-18.937  8.8975 -33.281 0.0045709 -0.055592  -0.99844   0.99582 -0.090875 0.0096186
-26.285  21.222 -28.499 0.93833 0.31113  0.1508 -0.03867 -0.33897     0.94
 37.746 -24.652 -44.566   0.98483 -0.073027   0.15744  0.17354  0.40457 -0.89789
10.396 25.577 16.336 -0.8892 0.42453 0.17057  0.01485 -0.34584  0.93818
 26.745  48.207 -29.263 0.83721 0.27602 0.47212  0.50612 -0.71811 -0.47767
-17.301  -33.72   36.37  0.71951  0.66172 -0.21081 -0.69388  0.69768 -0.17828
-2.4091 -10.906   36.43 -0.56497  -0.7009  0.43537 -0.74351  0.20366 -0.63696
-8.6702  1.7107  31.428 -0.56217   0.3869  0.73094  0.65651 -0.32871  0.67892
 24.584  43.224 -41.812 -0.85534 -0.16281 -0.49183   -0.4831 -0.092247   0.87069
-8.6398  43.062 -47.838  0.84702 0.020903  0.53115  0.40814 -0.66575 -0.62466
30
sweep 24000; box 100 100 100
-27.246  26.651  37.142 0.77509  0.3752 0.50839 -0.09247   0.8633 -0.49615
-4.6596 -4.9222 -7.3613  0.019837  -0.99679 -0.077559  -0.13989 -0.079578   0.98696
26.049 -17.85 41.158 -0.84411 0.071847 -0.53134  0.18303 -0.89285  -0.4115
-40.593 -10.255 -19.372  0.58861 -0.19385  0.78483 -0.68174  0.40273  0.61077
-40.829  32.012  32.235 0.72031 0.47082 0.50939  0.69197 -0.53879  -0.4805
-40.632 -1.9961 -9.8448  0.56983 -0.27888    0.773 -0.052851  -0.95114  -0.30419
 26.358 -30.538  37.385   0.9453 -0.22716   0.2341 0.097947  0.88222  0.46054
-7.5675  12.038 -48.406 -0.045614 -0.060555   0.99712  -0.69299  -0.71701 -0.075245
-14.216   39.24  36.108 -0.88407 -0.19615  -0.4242 -0.32808 -0.38593  0.86222
41.351 -22.97 39.377 -0.84961 0.039126 -0.52596 -0.52033 -0.22506  0.82378
 6.7866  35.258 -43.839   -0.8068 -0.079729  -0.58542 -0.022949   0.99433  -0.10379
-0.11468   4.2428   4.8786   0.10774   0.99219 -0.062828    0.1626 -0.079931  -0.98345
-17.775 -23.906  28.446  -0.5131 -0.82618  0.23271 0.23334 0.12664 0.96411
-41.438  23.896  17.667 0.84371 0.31054 0.43786 -0.43371 -0.08629  0.89691
2.4826 16.039 19.423  0.72569 -0.66535  0.17518  0.64046  0.56022 -0.52533
-49.344 -10.733 -13.105  0.54864 -0.38869  0.74021   0.8021  0.49448 -0.33485
-20.666 -21.617  39.851  0.43999  0.82438 -0.35611  0.64703 -0.56601 -0.51086
-35.566  24.196 -12.636 0.81177 0.39045 0.43426  0.57037 -0.37046 -0.73311
-12.513  1.4037 -43.198 -0.040822 -0.036378    0.9985 -0.16971  0.98507  0.02895
 40.912  43.472 -25.567 0.90061 0.38422 0.20319  -0.2269  0.81434 -0.53419
-19.488  9.9007 -32.328 -0.052761   0.14548  -0.98795  0.78224 -0.60895 -0.13145
-26.066   23.92  -22.29 0.72712 0.46709  0.5031  -0.57011 0.0025903   0.82156
 36.026 -28.624  49.836   0.9524 -0.24902  0.17587  0.23089  0.21249 -0.94949
5.9823 26.344 12.951 -0.73115  0.56017  -0.3894 -0.67901 -0.65284  0.33578
 26.227 -49.521 -28.691 0.87041 0.21996 0.44046  0.45991 -0.68256 -0.56798
 -15.79 -37.112  37.608  0.51508  0.63372 -0.57714  -0.79262   0.60846 -0.039286
 -5.293 -15.346  34.383 -0.40325 -0.76098  0.50822 -0.91227  0.29073 -0.28852
-14.103  5.7344  31.112 -0.44359  0.46634  0.76534  0.78991 -0.19999  0.57969
 20.589  45.337 -44.303 -0.84333 -0.11492 -0.52497 -0.49283 -0.22414  0.84076
-8.4361  44.257 -48.651  0.89014 0.097316  0.44517  0.36519 -0.73665 -0.56919
30
sweep 26000; box 100 100 100
-26.566  21.096  41.473 0.81295 0.33245 0.47811 -0.042626   0.85279  -0.52051
-8.8628 -17.165 -12.989  -0.3008  -0.9526 0.045524 -0.052562  0.064222   0.99655
 25.065 -17.898  40.033  -0.79886 -0.021261  -0.60114  0.18483  -0.9597 -0.21168
 -37.37 -10.828 -15.502  0.67467 -0.37355  0.63662 -0.46698  0.45192  0.76007
-40.219  27.177  35.312 0.73049 0.32259 0.60192  0.65823 -0.56745 -0.49471
-41.258  1.2774 -12.632   0.78502 -0.088679    0.6131 -0.19924 -0.97326  0.11434
 23.874 -31.436  36.539  0.85717 -0.21434  0.46832 0.093575  0.95897  0.26762
 -8.178  10.016 -41.468 0.046652 -0.14459  0.98839  -0.76128  -0.64578 -0.058535
-14.016   33.26  38.069 -0.87165  -0.2738 -0.40652 -0.31433 -0.32411  0.89227
 37.396 -23.779  38.903 -0.77672 0.042996 -0.62838 -0.62843 -0.11994  0.76857
8.3901 32.876 -41.68 -0.85032 -0.21881 -0.47863 -0.066111   0.94668  -0.31533
-13.155 -9.7837 -3.5245   0.23474   0.97205 0.0031324   0.045561 -0.0077836   -0.99893
-18.454 -26.578  32.532 -0.44332 -0.83241  0.33251    0.486 0.088484  0.86947
-43.247  19.451  18.578 0.80594 0.08658 0.58563 -0.5913 0.16567 0.78925
   1.2  14.56 20.228  0.67641 -0.71217 -0.18785  0.41681  0.58041 -0.69956
-43.865 -10.149 -5.7154   0.6745 -0.20292  0.70985  0.71714  0.40852 -0.56465
-20.273 -23.179  43.549   0.4855  0.84633 -0.21912  0.61648 -0.50914  -0.6006
-27.635  39.471 -21.588  0.8222 0.29258 0.48825  0.52412 -0.72372 -0.44891
 -12.32 -2.5348 -36.884 0.053782 0.028413  0.99815  -0.11291   0.99336 -0.022193
 41.052 -49.831 -28.782 0.75402 0.61761 0.22361 -0.52143  0.76985 -0.36803
-18.346  7.7501 -27.144 -0.044293   0.11547  -0.99232  0.82464 -0.55646 -0.10156
-11.566  32.141 -15.949 0.83694 0.31465 0.44781 -0.53495  0.64314   0.5479
 32.876 -27.657 -49.276  0.89264 -0.22053  0.39315  0.41691 0.072205 -0.90608
3.0457 24.174 12.945   -0.7866    0.6124 -0.078944 -0.45026 -0.48139  0.75202
 25.317 -47.672 -30.269 0.81703 0.53694 0.21015   0.5458 -0.60267 -0.58214
-15.651 -39.702   43.13  0.60025  0.67342 -0.43152  -0.75398   0.65645 -0.024351
-4.3454 -16.045  36.138  -0.3807 -0.62559  0.68096 -0.91447  0.14547  -0.3776
-14.01 1.0993 34.593 -0.30664  0.38904  0.86869  0.81854 -0.35799  0.44926
  22.12  45.515 -44.523 -0.79786 -0.41672 -0.43561 -0.38201 -0.20949   0.9001
-7.1332  39.378  -46.31 0.89185 0.26562 0.36613  0.43462 -0.72749 -0.53091
30
sweep 28000; box 100 100 100
-28.505  22.692  37.986 0.75603 0.40015 0.51798 -0.049226   0.82388  -0.56462
-10.078 -12.656 -12.098   0.4311 -0.89269  0.13138 0.31232 0.28423 0.90646
  25.26 -20.461   38.24 -0.83193  0.13048 -0.53933 -0.026135   -0.9801   -0.1968
-34.591 -12.449 -11.188  0.52033 -0.10003  0.84809 -0.56097  0.70876  0.42776
-43.504  27.929  30.181 0.77347 0.42254 0.47244  0.54383 -0.82527 -0.15225
 -35.693 0.058197  -9.8184  0.56564 -0.20744  0.79814 -0.44668 -0.89064 0.085078
 22.395 -33.529  34.932  0.84033 -0.32216  0.43595 0.21108 0.93523 0.28425
-7.0977   3.811 -42.735 -0.16114   0.1251  0.97897  -0.90652  -0.41094 -0.096705
-15.641  34.037  35.704 -0.79616  -0.3664 -0.48154 -0.46189 -0.14609  0.87482
 40.562 -29.656  38.595 -0.79155 0.088379 -0.60468 -0.60438 0.033144  0.79601
  3.696  35.619 -43.242 -0.84321 -0.19641 -0.50042 0.0077678   0.92632  -0.37666
 -9.8914  -9.3832 -0.65646  -0.4244  0.88045 -0.21142    0.43086 -0.0089993   -0.90238
-18.325 -29.142  33.217 -0.33291 -0.86106  0.38438 0.40708 0.23646 0.88225
-45.771  14.825  18.635  0.82562  0.56204 0.049672 -0.25037  0.28604  0.92493
-1.2627  7.7935  18.373   0.81003  -0.58627 -0.011515 0.56091 0.78041 -0.2763
-44.337 -7.2791 -7.1366  0.48783 -0.22307  0.84395   0.8727  0.10188 -0.47752
-22.025  -27.84  45.819  0.33505  0.82175 -0.46094  0.69483 -0.54591 -0.46817
-25.078   44.23 -17.893 0.60265 0.36557 0.70935  0.79711 -0.31788 -0.51338
-14.401 -3.9352 -40.512 -0.2771 0.17258 0.94521  0.17106  0.97688 -0.12821
 37.933  47.149 -27.101 0.85791 0.39374 0.33009 -0.18195  0.83364 -0.52147
-20.976  9.4579 -22.346  0.02314 -0.11041 -0.99362  0.78284 -0.61616 0.086697
-17.913  33.723 -22.318 0.78173 0.21877 0.58398 -0.57765  0.60689   0.5459
32.899    -31 49.892  0.89645 -0.25563  0.36198  0.39207 0.076818 -0.91672
-2.8462   22.34  13.273 -0.77303  0.58054  0.25572 -0.54604 -0.81412  0.19759
 21.979 -48.123 -31.405 0.84979 0.33784 0.40462  0.52629 -0.58676 -0.61542
-15.334 -42.268  45.525  0.49815  0.69537 -0.51798 -0.86184  0.46273 -0.20764
-4.9487 -15.992  36.989 -0.37794 -0.71775  0.58481 -0.91255  0.18219 -0.36614
-14.104  1.2648  38.284 -0.33576  0.36718  0.86743  0.60731 -0.61955  0.49733
 18.643  44.799 -45.895  -0.8301 -0.31751 -0.45839  -0.47377 -0.031946   0.88007
-10.771  42.294  48.911 0.83515  0.2681 0.48027  0.41796 -0.87693 -0.23728
30
sweep 30000; box 100 100 100
-30.199  21.599  35.215 0.67476 0.44267 0.59054 -0.058574   0.82975  -0.55505
-8.0093  -9.104 -7.2665   0.4276 -0.72869  0.53494 -0.28072  0.45547  0.84483
 27.936 -23.424  41.481 -0.86122 -0.10366 -0.49755   0.14997  -0.98722 -0.053895
-43.121 -11.853 -22.675  0.59951 -0.44645  0.66428 -0.23148  0.69778  0.67788
-43.933  25.944    26.9 0.63831 0.48641 0.59662  0.73585 -0.61314 -0.28738
-40.122 -2.5072 -12.582  0.7189 -0.5396 0.43821 -0.47297 -0.84169 -0.26051
 24.743 -36.146  34.547   0.7241 -0.21502  0.65532 0.11916 0.97487 0.18821
-5.8584  6.4599 -37.752 -0.33613 0.073515  0.93894 -0.93739 -0.12266 -0.32597
-16.264   35.79  35.829 -0.74341 -0.35806 -0.56492 -0.53936 -0.17852  0.82293
 43.777 -29.516  41.271 -0.79042 0.099715 -0.60439  -0.6089 -0.23559  0.75745
 1.3366  36.144 -43.185 -0.84113 -0.24927 -0.47996 -0.073701     0.932  -0.35489
-13.758  -12.14  4.9331 -0.48434  0.83437 -0.26315  0.50141 0.018247 -0.86502
-16.581 -25.879  39.555 -0.47682 -0.85669  0.19677 0.33505 0.02981 0.94173
-43.482   16.51  13.555 0.76861 0.36122 0.52797 -0.49912 -0.17763  0.84813
-4.5341  14.251  9.6319  0.47002 -0.78073 -0.41176  0.60746  0.62457 -0.49082
-48.248 -10.075 -8.8097  0.66317 -0.53179  0.52669  0.67708  0.12632 -0.72498
-24.207 -30.415 -47.893  0.45422  0.83774 -0.30311  0.72773 -0.54515 -0.41619
-37.276  40.428 -18.446 0.61109 0.31856 0.72463  0.79115 -0.27517 -0.54622
-15.292 -3.5107 -39.232 -0.24467  0.22892   0.9422  0.12041  0.97138 -0.20474
 34.539 -49.891 -28.925 0.83191 0.53245 0.15626 -0.39895  0.76963 -0.49851
-21.003  10.334 -21.865 0.042247  0.10258 -0.99383    0.6238  -0.77972 -0.053967
-29.539  29.537 -22.959 0.52868 0.56163 0.63645 -0.84128  0.24697  0.48089
 33.019 -31.674 -49.162 0.88464 0.11423 0.45207  0.40577  0.28904 -0.86707
 3.898 22.101 7.3234 -0.64184  0.76195 0.086467 -0.69911 -0.62775  0.34233
 19.813 -44.762 -30.575 0.86899 0.36989 0.32869  0.49475 -0.66134 -0.56378
-13.982 -39.086  47.747  0.55439  0.68555 -0.47189 -0.81106  0.57218 -0.12162
-6.3718 -19.373  48.653 -0.47804 -0.78322  0.39754 -0.85247  0.30468 -0.42482
-9.4822  3.0858  43.217 -0.52481   0.4512   0.7218 0.47762 -0.5458 0.68846
  15.42   48.83 -43.453 -0.85632 -0.32047 -0.40497 -0.31739 -0.29202  0.90221
-14.533  42.618 -48.531 0.75174 0.34701 0.56077  0.60215 -0.70791 -0.36915
30
sweep 32000; box 100 100 100
-28.729  21.427  37.278 0.63707 0.46459 0.61506 -0.03046  0.81249 -0.58218
-5.0863 -4.8667 -4.5421 0.49749 -0.4359    0.75 -0.61639  0.43072   0.6592
 25.096 -19.615  38.775  -0.81593 -0.085129  -0.57185  0.08492 -0.99602 0.027108
-47.793 -18.246 -25.382  0.61109 -0.42048  0.67064 -0.5395 0.39873 0.74159
-42.467  24.499  27.723 0.58299 0.52771 0.61777  0.78892 -0.54944 -0.27516
-45.405 -10.829 -15.421  0.56977 -0.51714  0.63869 -0.48358 -0.83936 -0.24823
27.873 -34.09 40.134  0.70683 -0.13655  0.69407 0.15671 0.98704  0.0346
 -6.848  3.7588 -40.913 -0.34586 0.042962   0.9373 -0.88434 -0.34877 -0.31033
-16.364  33.627   37.14 -0.71896 -0.40597 -0.56417 -0.47163 -0.31128  0.82502
 41.109 -27.623   42.64 -0.72437  0.20114 -0.65941 -0.68909 -0.18233  0.70136
 2.3756  35.261 -41.579 -0.85431 -0.29125 -0.43049 -0.12274  0.91788  -0.3774
-8.5086 -5.8924  10.278 -0.56588  0.40079 -0.72052  0.66319 -0.29796 -0.68659
 -13.87 -25.656  37.786 -0.34877  -0.9186  0.18584 0.11845 0.15349 0.98102
-40.974  15.027  14.108 0.53206 0.69008 0.49062 -0.50421 -0.20728  0.83834
-7.7059  17.534  15.488  0.12493 -0.79792 -0.58968  0.22288  0.60171 -0.76698
 -48.02 -23.376 -8.8368 0.66939 -0.4579 0.58501  0.74256  0.43653 -0.50799
-20.252 -26.357  48.793  0.24624  0.91696 -0.31392  0.86824 -0.35264   -0.349
-26.846  43.076 -5.2128 0.78582   0.565 0.25151  0.52091 -0.38546 -0.76163
-16.362 -4.5849 -36.929 -0.37722   0.0477   0.9249  0.030144   0.99878 -0.039216
 35.587 -48.481 -28.973 0.82729 0.54739 0.12632 -0.46228  0.79111 -0.40056
-21.979  6.8583  -23.43 0.079926 0.093234 -0.99243    0.5764  -0.81661 -0.030295
-28.796   36.04 -18.653 0.83104 0.30086 0.46783 -0.55042  0.32366   0.7696
 31.058 -27.131 -48.902  0.87248 0.094642   0.4794  0.46336   0.1513 -0.87316
-0.063104     14.74    1.3788 -0.19987  0.80504  0.55854 -0.80134 -0.46233  0.37961
 20.193 -44.839 -31.528 0.84968 0.46236 0.25351  0.51824 -0.64347 -0.56336
-10.833 -38.255  46.857  0.50532  0.78381 -0.36096 -0.86078   0.4874 -0.14666
-5.2212 -18.373  47.127 -0.40783 -0.80557  0.42981 -0.83401  0.13708 -0.53445
-11.829  1.7503  40.915 -0.64369  0.15556  0.74931  0.71816 -0.21549  0.66167
 15.977  47.535 -44.239 -0.89205  -0.3189 -0.32023 -0.28732 -0.14674  0.94653
-15.292  40.575 -48.683 0.78096 0.31285 0.54057  0.58699 -0.66337  -0.4641
30
sweep 34000; box 100 100 100
-31.273   18.76  33.392  0.6463 0.49665 0.57934 -0.12959  0.81961 -0.55807
0.93357 -5.0802 -3.3085  0.79785 -0.50789  0.32478 -0.29445  0.14181  0.94509
 19.821 -25.746  41.563 -0.71858 -0.11269 -0.68626  0.43986 -0.83798 -0.32297
-36.365 -18.534 -14.097  0.42382 -0.71729  0.55306 -0.63445  0.20068  0.74646
-42.126  24.193  28.469 0.63262 0.53036 0.56436  0.71448 -0.68087 -0.16104
-39.957 -9.1456 -7.4538 0.36083 -0.7793 0.51234 -0.35651 -0.62289 -0.69636
 26.161 -38.312  39.214  0.65623 -0.21825  0.72231 -0.060256   0.93904   0.33848
-12.418  13.201 -37.822 -0.32589 0.060395  0.94348 -0.68134 -0.70685  -0.1901
-16.25 34.283 35.129 -0.79931 -0.30035 -0.52048 -0.36393 -0.44728    0.817
37.045 -27.78  43.38  -0.69241 -0.044467  -0.72013 -0.63872 -0.42643  0.64046
 2.6993  34.497 -44.469 -0.81383 -0.27801 -0.51029 -0.17904  0.95538 -0.23496
 -15.56 -3.3049 0.84792 -0.62373  0.55706 -0.54831  0.53317 -0.20974  -0.8196
-17.726 -22.252  32.369 -0.44575 -0.88577 -0.12933 -0.12298 -0.08251  0.98897
-42.282  12.168   13.83 0.76027 0.54483 0.35376 -0.44789 0.045207  0.89294
-4.4296  11.071  11.803  0.25308 -0.93011 -0.26616  0.29193  0.33572 -0.89559
-49.849 -16.535 -11.974  0.25708 -0.83987  0.47804   0.96518   0.24791 -0.083482
-28.077 -26.649  40.688 0.36683 0.89905 0.23906  0.90397 -0.28379 -0.31986
-25.472  40.616 -4.9545 0.69215 0.53265 0.48705   0.7206 -0.54814 -0.42459
 -19.83  2.6818 -33.831 -0.18639 0.062604  0.98048  0.036822   0.99771 -0.056705
 34.496    49.9 -26.434 0.75799 0.52669 0.38477 -0.43196  0.84734 -0.30891
-27.099  11.717 -27.125   0.21815 -0.017748  -0.97575  0.90991 -0.35775  0.20994
-19.591  37.057 -13.237  0.7661 0.31735  0.5589  -0.56193 -0.091354   0.82212
 29.693 -34.131 -46.362  0.8077 0.11109 0.57904  0.45942  0.49696 -0.73618
3.5156 20.953  6.239 -0.079183   0.94909    0.3049 -0.93302 -0.17825  0.31256
 19.898  -45.68 -30.988 0.78061 0.43138 0.45228    0.625 -0.53313 -0.57021
-17.899 -35.322  39.434   0.5811  0.81066 -0.07183 -0.77044  0.51954 -0.36946
-11.396 -15.207  45.418 -0.52502 -0.84592 0.093677 -0.64813  0.32605  -0.6882
-10.794   6.607      39 -0.68231  0.36399  0.63401  0.53372 -0.34464  0.77224
 16.037  46.668 -45.048 -0.80099 -0.38861 -0.45541 -0.35545 -0.30341  0.88408
-12.925   40.03 -49.867  0.8208 0.27957 0.49813  0.52304 -0.71838 -0.45865
30
sweep 36000; box 100 100 100
-33.288  21.686  34.662 0.72083 0.32287 0.61332 -0.03983  0.90271  -0.4284
-12.801  -8.619 -7.4806   0.4669 -0.75353  0.46281 -0.24232  0.39431  0.88646
 21.023 -25.886  39.856 -0.42716 -0.18177 -0.88571  0.61835 -0.77342 -0.13949
-37.851 -2.8791 -24.843  0.31606 -0.86859  0.38166 -0.65085 0.094193  0.75334
-42.76 29.812 28.912 0.75726 0.31887 0.56998  0.55871 -0.76822 -0.31252
-36.994 -3.8923 -11.471  0.22729 -0.87618  0.42503  -0.5097 -0.47893 -0.71473
 27.701 -37.924  38.747 0.68651 0.10121 0.72004 -0.36736  0.90286  0.22334
-8.6009  9.0062 -40.566 -0.21287 0.029961  0.97662 -0.86881 -0.46313 -0.17517
-15.339  34.991   34.46 -0.8547 -0.2901 -0.4305 -0.34327 -0.30626   0.8879
 39.748 -26.519  46.851 -0.60092 -0.06695  -0.7965 -0.68496 -0.47048  0.55631
 1.3951  31.062 -48.158 -0.80681 -0.17997 -0.56274 -0.099545   0.98027  -0.17077
-20.421 -3.8735  1.3932 -0.43994  0.83915 -0.31981  0.10695 -0.30464 -0.94645
 -21.29 -30.308  31.107 -0.50802 -0.84995 -0.13966   -0.2306 -0.022012    0.9728
-46.012  19.971  15.025 0.86405 0.33679 0.37416  -0.36283 -0.098601   0.92663
-2.5609  5.2139  13.432 -0.25157 -0.71344   -0.654 0.010422   0.6737 -0.73893
-48.409 -6.5908 -15.669 0.17069 -0.8952 0.41168  0.98461  0.13907 -0.10583
-29.388 -28.555  39.891 0.51989 0.84757 0.10647   0.8387  -0.4828 -0.25196
-22.853  38.023 -10.404  0.89922 0.010557  0.43738  0.39042 -0.47053 -0.79131
-16.689 -1.0971 -38.737 -0.22858 0.094961  0.96888   0.29375   0.95557 -0.024355
 33.252  44.231 -27.293 0.67579 0.49395 0.54711   -0.5493   0.83243 -0.073039
-23.082  11.238 -27.772   0.16383 -0.068163  -0.98413   0.7024 -0.69242  0.16489
-8.8742    38.5 -16.245 0.88035 0.05721 0.47086 -0.43958 -0.27455  0.85521
  28.85 -32.517 -46.404 0.76197 0.14543 0.63108  0.57263  0.30386 -0.76142
0.48693  22.561  14.695 -0.079454   0.77938    0.6215 -0.60864 -0.53169  0.58895
 22.037 -49.313 -30.019 0.76533 0.41705 0.49025  0.64364 -0.49932 -0.58001
-24.722 -43.312  39.618  0.69307  0.71308 -0.10565  -0.6639  0.57431 -0.47895
 -9.597 -16.026  43.378 -0.52599 -0.79142  0.31143 -0.66416   0.1535 -0.73166
-11.57 3.0306 36.025 -0.48061  0.32231  0.81556   0.7149 -0.39461  0.57724
 17.308  43.869 -45.758 -0.75419 -0.35678 -0.55127 -0.47448 -0.28427  0.83311
-10.264  39.609  49.583 0.89765 0.17492 0.40451  0.39961 -0.71012 -0.57969
30
sweep 38000; box 100 100 100
-25.577  23.668  35.814 0.76029 0.40012 0.51172 -0.19827  0.89312 -0.40376
-10.677  -10.78 -12.307  0.45882 -0.86278  0.21237 -0.16517  0.15202  0.97448
 23.419 -22.059  41.249 -0.51554  -0.1487 -0.84386  0.47595 -0.86863  -0.1377
-42.152 -15.136  -19.29 -0.072375  -0.96138   0.26552 -0.48721  0.26638  0.83167
-41.677  27.059  29.531 0.68933 0.44056  0.5751   0.7237 -0.45491 -0.51896
-39.722 -1.7642 -10.669 -0.10115 -0.96951  0.22321 -0.56378 -0.12899 -0.81579
 28.797 -34.281  40.335   0.77927 -0.059912   0.62381 -0.29996  0.83833  0.45523
-9.2431  6.6989 -39.014 -0.24839  0.21237  0.94509 -0.94842 -0.25172 -0.19271
-14.198  36.483  35.632 -0.84838 -0.27971 -0.44946  -0.2866 -0.47116  0.83419
  38.97 -25.198  46.443  -0.45981 -0.052515  -0.88646 -0.84563 -0.27883  0.45515
 7.0586  35.796 -44.761 -0.82727 -0.25114 -0.50254 -0.13549   0.9573 -0.25537
-20.755 0.82693 -2.2084 -0.43513  0.89364 -0.10984 -0.13864 -0.18704 -0.97252
-18.534 -25.778  30.831  -0.43585  -0.89914 -0.039795   -0.08012 -0.0052786    0.99677
-43.415  21.908  13.698 0.81656 0.30011 0.49312 -0.32017 -0.47534  0.81947
-0.52317   1.1871   8.5344 -0.30098 -0.66449 -0.68401 -0.38143  0.74127 -0.55229
 49.738 0.19062 -17.852 -0.18859 -0.96689  0.17194  0.97692 -0.16684  0.13336
-29.468 -27.781  40.493   0.50961   0.85507 -0.095646  0.83979  -0.5185 -0.16097
-20.734  45.478 -2.3913   0.8836 -0.14043  0.44669 -0.0079626   -0.95834   -0.28553
 -17.586 -0.75858  -39.494 -0.2099  0.1218 0.97011   0.33839   0.93994 -0.044798
39.721 47.778 -26.21 0.82613 0.36412 0.43002 -0.29375  0.92956 -0.22275
-23.109  10.561 -28.619    0.17748 -0.0082804   -0.98409  0.83179 -0.53316   0.1545
-21.231  37.405 -10.024   0.89617 -0.051768   0.44068 -0.38534  0.40159  0.83081
  30.27 -31.328 -43.563  0.80405 -0.13195  0.57973  0.58608  0.34001 -0.73546
0.92315  19.615  9.3237 0.16785 0.77181  0.6133 -0.42895 -0.50297  0.75035
 23.772  -48.03 -30.103 0.83011 0.34656 0.43683  0.55605 -0.57292 -0.60214
-24.153 -43.679  41.325   0.6517  0.74608 -0.13658 -0.70515  0.52965 -0.47142
-11.364  -17.24  43.937 -0.48764 -0.83615  0.25112 -0.65058  0.15621  -0.7432
-11.155  3.4599  36.047 -0.52432  0.49442  0.69328  0.52583 -0.45239  0.72031
 19.636  47.574 -45.231 -0.81565 -0.26986 -0.51176 -0.44367 -0.27596  0.85265
-9.2685  41.308 -49.486 0.85753 0.23243 0.45893   0.4912 -0.63503  -0.5962
30
sweep 40000; box 100 100 100
-28.614  20.852  31.647 0.60876 0.53442 0.58634 -0.24431  0.82944 -0.50234
-11.598 -8.5602 -9.6295  0.24707 -0.62956  0.73662 -0.099872   0.73959    0.6656
  24.61 -20.063  46.916 -0.52406 0.099452 -0.84586   0.4266 -0.82894 -0.36176
-38.406  -7.248 -23.783 -0.40372 -0.90901  0.10351 -0.48605  0.30896  0.81749
-40.476  26.063  28.121 0.65996 0.51846 0.54374  0.73646 -0.58958  -0.3317
-42.062 -14.269 -12.825   -0.26888   -0.96315 -0.0059376 -0.44516  0.12974   -0.886
 27.807 -33.085   40.59  0.77799 -0.25703  0.57329 -0.16359  0.79814  0.57984
-7.0948  7.6452 -41.404 -0.25784  0.12771  0.95771  -0.96424 -0.096993  -0.24666
-14.191  37.618  34.187 -0.77034 -0.40266 -0.49441 -0.34547 -0.38815   0.8544
 38.073 -24.838  48.386 -0.49806  0.19473 -0.84499 -0.82254 -0.41459  0.38928
 2.3917  34.762 -47.367 -0.83002 -0.15853 -0.53473 -0.04326  0.97416 -0.22166
-17.154 -7.9495  2.1573 -0.26458  0.74564 -0.61156  0.20207 -0.57722 -0.79119
-13.899 -23.891  31.135 -0.68486 -0.72344 0.087231 -0.19798  0.29995  0.93319
-42.086  18.603  12.985 0.64698 0.51573 0.56165 -0.38969 -0.40949   0.8249
-0.75504   6.0107   10.604 -0.37733 -0.80434 -0.45898 -0.20156  0.55506 -0.80702
-48.063 -3.0628 -20.034 -0.41741 -0.90823 0.029712  0.88408 -0.39831  0.24443
-26.227 -22.487  37.848  0.62175  0.76861 -0.15054  0.78296 -0.60501  0.14473
-15.589 -47.592 -1.9739  0.89734 -0.23647  0.37263  -0.2016 -0.97073 -0.13053
 -17.463 -0.17395  -42.729  -0.3971 0.049484  0.91644 0.57215 0.79411 0.20504
 35.481  47.958 -27.812 0.73285 0.57511 0.36356 -0.31244  0.75912 -0.57106
-20.528  10.854 -31.617   0.2033 0.096933 -0.97431  0.54715 -0.83646 0.030948
-9.1283  40.192 -5.1521  0.77438 -0.43239  0.46193 -0.30691  0.38174  0.87183
 30.941  -32.96 -43.198  0.79996 -0.28152  0.52991  0.60003  0.38331 -0.70217
-0.12522   11.784  0.96805 -0.22382  0.82734  0.51519 -0.23325  -0.5587  0.79589
 23.549 -45.118 -30.967 0.76412 0.46604 0.44602  0.63978 -0.63591 -0.43162
  -24.4 -39.684  42.447  0.77609  0.62945 0.038461 -0.50599  0.65795 -0.55774
-11.688  -15.07   42.23  -0.6781 -0.68697  0.26123  -0.32931 -0.033774  -0.94362
-8.2421  4.7679  34.293 -0.5346 0.56961  0.6243  0.46543 -0.41815  0.78008
 20.344  46.618 -45.962 -0.82051 -0.33335 -0.46437  -0.46521 -0.082647   0.88133
-8.8944  43.053  49.167  0.8546 0.23425 0.46345  0.48586 -0.67573 -0.55437
