-2 -2 2.131868132
-2 -1.9 3.164835165
-2 -1.8 3.318681319
-2 -1.7 3.67032967
-2 -1.6 2.945054945
-2 -1.5 3.296703297
-2 -1.4 3.956043956
-2 -1.3 3.230769231
-2 -1.2 2.747252747
-2 -1.1 2.725274725
-2 -1 3.648351648
-2 -0.9 4.131868132
-2 -0.8 4.395604396
-2 -0.7 3.648351648
-2 -0.6 3.472527473
-2 -0.5 3.252747253
-2 -0.4 3.406593407
-2 -0.3 3.318681319
-2 -0.2 3.252747253
-2 -0.1 3.978021978
-2 0 3.428571429
-2 0.1 3.824175824
-2 0.2 3.120879121
-2 0.3 3.252747253
-2 0.4 3.582417582
-2 0.5 3.208791209
-2 0.6 3.824175824
-2 0.7 4
-2 0.8 2.43956044
-2 0.9 2.967032967
-2 1 3.494505495
-2 1.1 3.230769231
-2 1.2 2.835164835
-2 1.3 2.351648352
-2 1.4 2.769230769
-2 1.5 2.967032967
-2 1.6 3.054945055
-2 1.7 3.032967033
-2 1.8 3.648351648
-2 1.9 3.736263736
-2 2 4
-1.9 -2 3.78021978
-1.9 -1.9 3.230769231
-1.9 -1.8 3.527472527
-1.9 -1.7 3.142857143
-1.9 -1.6 3.846153846
-1.9 -1.5 3.373626374
-1.9 -1.4 3.208791209
-1.9 -1.3 3.659340659
-1.9 -1.2 3.098901099
-1.9 -1.1 3.989010989
-1.9 -1 3.21978022
-1.9 -0.9 4
-1.9 -0.8 3.384615385
-1.9 -0.7 3.934065934
-1.9 -0.6 3.736263736
-1.9 -0.5 3.417582418
-1.9 -0.4 3.703296703
-1.9 -0.3 4.054945055
-1.9 -0.2 2.78021978
-1.9 -0.1 3.428571429
-1.9 0 3.549450549
-1.9 0.1 3.461538462
-1.9 0.2 3.868131868
-1.9 0.3 3.791208791
-1.9 0.4 3.956043956
-1.9 0.5 3.659340659
-1.9 0.6 3.32967033
-1.9 0.7 2.857142857
-1.9 0.8 2.483516484
-1.9 0.9 3.087912088
-1.9 1 3.274725275
-1.9 1.1 3.252747253
-1.9 1.2 3
-1.9 1.3 2.901098901
-1.9 1.4 3.56043956
-1.9 1.5 3.054945055
-1.9 1.6 3.472527473
-1.9 1.7 3.373626374
-1.9 1.8 3.274725275
-1.9 1.9 4.252747253
-1.9 2 2.923076923
-1.8 -2 3.142857143
-1.8 -1.9 3.274725275
-1.8 -1.8 3.362637363
-1.8 -1.7 2.703296703
-1.8 -1.6 3.835164835
-1.8 -1.5 3.065934066
-1.8 -1.4 3.626373626
-1.8 -1.3 3.373626374
-1.8 -1.2 3.065934066
-1.8 -1.1 3.626373626
-1.8 -1 3.483516484
-1.8 -0.9 3.725274725
-1.8 -0.8 3.934065934
-1.8 -0.7 3.252747253
-1.8 -0.6 3.153846154
-1.8 -0.5 3.263736264
-1.8 -0.4 3.307692308
-1.8 -0.3 3.626373626
-1.8 -0.2 4.153846154
-1.8 -0.1 3.208791209
-1.8 0 3.857142857
-1.8 0.1 3.505494505
-1.8 0.2 2.879120879
-1.8 0.3 3.263736264
-1.8 0.4 4
-1.8 0.5 3.714285714
-1.8 0.6 3.505494505
-1.8 0.7 3.274725275
-1.8 0.8 3.087912088
-1.8 0.9 3.373626374
-1.8 1 2.978021978
-1.8 1.1 2.967032967
-1.8 1.2 3.087912088
-1.8 1.3 3.362637363
-1.8 1.4 3.406593407
-1.8 1.5 3.054945055
-1.8 1.6 3.010989011
-1.8 1.7 3.362637363
-1.8 1.8 2.769230769
-1.8 1.9 3.450549451
-1.8 2 2.989010989
-1.7 -2 3.428571429
-1.7 -1.9 3.054945055
-1.7 -1.8 3.725274725
-1.7 -1.7 3
-1.7 -1.6 3.406593407
-1.7 -1.5 3.153846154
-1.7 -1.4 3.813186813
-1.7 -1.3 2.846153846
-1.7 -1.2 3.857142857
-1.7 -1.1 3.703296703
-1.7 -1 3.241758242
-1.7 -0.9 3.769230769
-1.7 -0.8 3.89010989
-1.7 -0.7 3.406593407
-1.7 -0.6 3.384615385
-1.7 -0.5 3.32967033
-1.7 -0.4 3.032967033
-1.7 -0.3 3.494505495
-1.7 -0.2 3.604395604
-1.7 -0.1 3.494505495
-1.7 0 3.395604396
-1.7 0.1 3.824175824
-1.7 0.2 3.758241758
-1.7 0.3 3.648351648
-1.7 0.4 3.351648352
-1.7 0.5 3.549450549
-1.7 0.6 3.736263736
-1.7 0.7 2.967032967
-1.7 0.8 3.582417582
-1.7 0.9 3.197802198
-1.7 1 2.659340659
-1.7 1.1 3.131868132
-1.7 1.2 2.89010989
-1.7 1.3 3.241758242
-1.7 1.4 3.593406593
-1.7 1.5 3.505494505
-1.7 1.6 3.296703297
-1.7 1.7 3.604395604
-1.7 1.8 2.923076923
-1.7 1.9 2.956043956
-1.7 2 3.208791209
-1.6 -2 2.923076923
-1.6 -1.9 2.89010989
-1.6 -1.8 3.164835165
-1.6 -1.7 2.901098901
-1.6 -1.6 3.373626374
-1.6 -1.5 3.21978022
-1.6 -1.4 3.098901099
-1.6 -1.3 3.296703297
-1.6 -1.2 3.428571429
-1.6 -1.1 3.626373626
-1.6 -1 3.593406593
-1.6 -0.9 3.197802198
-1.6 -0.8 3.285714286
-1.6 -0.7 3.593406593
-1.6 -0.6 3.263736264
-1.6 -0.5 3.43956044
-1.6 -0.4 3.637362637
-1.6 -0.3 3.945054945
-1.6 -0.2 3.582417582
-1.6 -0.1 3.703296703
-1.6 0 3.505494505
-1.6 0.1 3.868131868
-1.6 0.2 3.318681319
-1.6 0.3 3.472527473
-1.6 0.4 3.395604396
-1.6 0.5 3.692307692
-1.6 0.6 3.186813187
-1.6 0.7 2.956043956
-1.6 0.8 3.78021978
-1.6 0.9 3.67032967
-1.6 1 3.725274725
-1.6 1.1 3.362637363
-1.6 1.2 3.395604396
-1.6 1.3 3.43956044
-1.6 1.4 3.340659341
-1.6 1.5 3.494505495
-1.6 1.6 3.725274725
-1.6 1.7 3.417582418
-1.6 1.8 2.769230769
-1.6 1.9 2.934065934
-1.6 2 3.142857143
-1.5 -2 3.054945055
-1.5 -1.9 3.637362637
-1.5 -1.8 2.989010989
-1.5 -1.7 3.384615385
-1.5 -1.6 3.054945055
-1.5 -1.5 3.131868132
-1.5 -1.4 3.318681319
-1.5 -1.3 3.241758242
-1.5 -1.2 3.67032967
-1.5 -1.1 3.384615385
-1.5 -1 3.241758242
-1.5 -0.9 3.571428571
-1.5 -0.8 3.318681319
-1.5 -0.7 3.835164835
-1.5 -0.6 3.78021978
-1.5 -0.5 3.32967033
-1.5 -0.4 3.989010989
-1.5 -0.3 4.186813187
-1.5 -0.2 3.417582418
-1.5 -0.1 3.703296703
-1.5 0 3.351648352
-1.5 0.1 3.714285714
-1.5 0.2 3.527472527
-1.5 0.3 4
-1.5 0.4 4.131868132
-1.5 0.5 3.120879121
-1.5 0.6 3.021978022
-1.5 0.7 2.813186813
-1.5 0.8 3.967032967
-1.5 0.9 3.362637363
-1.5 1 3.274725275
-1.5 1.1 3.703296703
-1.5 1.2 2.989010989
-1.5 1.3 3.076923077
-1.5 1.4 3.384615385
-1.5 1.5 3.208791209
-1.5 1.6 3.252747253
-1.5 1.7 3.351648352
-1.5 1.8 3.637362637
-1.5 1.9 2.626373626
-1.5 2 3.406593407
-1.4 -2 2.483516484
-1.4 -1.9 3.241758242
-1.4 -1.8 3.197802198
-1.4 -1.7 3.340659341
-1.4 -1.6 3.076923077
-1.4 -1.5 2.736263736
-1.4 -1.4 3.538461538
-1.4 -1.3 3.340659341
-1.4 -1.2 3.142857143
-1.4 -1.1 3.703296703
-1.4 -1 3.395604396
-1.4 -0.9 3.340659341
-1.4 -0.8 3.648351648
-1.4 -0.7 3.56043956
-1.4 -0.6 3.527472527
-1.4 -0.5 3.989010989
-1.4 -0.4 3.769230769
-1.4 -0.3 3.912087912
-1.4 -0.2 3.824175824
-1.4 -0.1 3.637362637
-1.4 0 4.076923077
-1.4 0.1 4.010989011
-1.4 0.2 3.934065934
-1.4 0.3 3.175824176
-1.4 0.4 3.21978022
-1.4 0.5 2.912087912
-1.4 0.6 3.054945055
-1.4 0.7 3.21978022
-1.4 0.8 3.945054945
-1.4 0.9 3.10989011
-1.4 1 2.89010989
-1.4 1.1 3.285714286
-1.4 1.2 3.164835165
-1.4 1.3 3.406593407
-1.4 1.4 2.758241758
-1.4 1.5 3.230769231
-1.4 1.6 3.186813187
-1.4 1.7 3.604395604
-1.4 1.8 3.923076923
-1.4 1.9 3.483516484
-1.4 2 3.802197802
-1.3 -2 2.879120879
-1.3 -1.9 3.494505495
-1.3 -1.8 3.274725275
-1.3 -1.7 3.505494505
-1.3 -1.6 2.725274725
-1.3 -1.5 3.175824176
-1.3 -1.4 2.956043956
-1.3 -1.3 3.494505495
-1.3 -1.2 3.78021978
-1.3 -1.1 3.296703297
-1.3 -1 2.868131868
-1.3 -0.9 3.857142857
-1.3 -0.8 2.857142857
-1.3 -0.7 3.923076923
-1.3 -0.6 4.043956044
-1.3 -0.5 3.736263736
-1.3 -0.4 4.175824176
-1.3 -0.3 3.89010989
-1.3 -0.2 4.164835165
-1.3 -0.1 3.879120879
-1.3 0 4.395604396
-1.3 0.1 3.362637363
-1.3 0.2 3.769230769
-1.3 0.3 3.593406593
-1.3 0.4 3.483516484
-1.3 0.5 3.516483516
-1.3 0.6 2.714285714
-1.3 0.7 3.450549451
-1.3 0.8 3.197802198
-1.3 0.9 3.373626374
-1.3 1 3.494505495
-1.3 1.1 3.307692308
-1.3 1.2 3.010989011
-1.3 1.3 3.307692308
-1.3 1.4 3.274725275
-1.3 1.5 3.043956044
-1.3 1.6 3.241758242
-1.3 1.7 3
-1.3 1.8 2.989010989
-1.3 1.9 3.318681319
-1.3 2 4
-1.2 -2 3.956043956
-1.2 -1.9 2.835164835
-1.2 -1.8 3.208791209
-1.2 -1.7 3.043956044
-1.2 -1.6 3.373626374
-1.2 -1.5 3.593406593
-1.2 -1.4 3.32967033
-1.2 -1.3 3.164835165
-1.2 -1.2 3.461538462
-1.2 -1.1 3.835164835
-1.2 -1 4.032967033
-1.2 -0.9 4.10989011
-1.2 -0.8 3.010989011
-1.2 -0.7 3.43956044
-1.2 -0.6 4.054945055
-1.2 -0.5 3.21978022
-1.2 -0.4 4.395604396
-1.2 -0.3 3.263736264
-1.2 -0.2 3.505494505
-1.2 -0.1 3.593406593
-1.2 0 3.637362637
-1.2 0.1 3.846153846
-1.2 0.2 4.230769231
-1.2 0.3 3.461538462
-1.2 0.4 3.318681319
-1.2 0.5 2.615384615
-1.2 0.6 3.318681319
-1.2 0.7 3.164835165
-1.2 0.8 2.945054945
-1.2 0.9 3.428571429
-1.2 1 2.956043956
-1.2 1.1 3.373626374
-1.2 1.2 3.461538462
-1.2 1.3 2.857142857
-1.2 1.4 3.252747253
-1.2 1.5 2.549450549
-1.2 1.6 3.417582418
-1.2 1.7 3.120879121
-1.2 1.8 3.197802198
-1.2 1.9 3.285714286
-1.2 2 3.076923077
-1.1 -2 3.736263736
-1.1 -1.9 3.032967033
-1.1 -1.8 3.21978022
-1.1 -1.7 3.263736264
-1.1 -1.6 3.351648352
-1.1 -1.5 3.054945055
-1.1 -1.4 3.483516484
-1.1 -1.3 2.934065934
-1.1 -1.2 3.043956044
-1.1 -1.1 3.142857143
-1.1 -1 3.32967033
-1.1 -0.9 3.373626374
-1.1 -0.8 3.120879121
-1.1 -0.7 3.791208791
-1.1 -0.6 3.076923077
-1.1 -0.5 3.956043956
-1.1 -0.4 3.241758242
-1.1 -0.3 3.395604396
-1.1 -0.2 3.626373626
-1.1 -0.1 3.835164835
-1.1 0 3.593406593
-1.1 0.1 4.076923077
-1.1 0.2 3.824175824
-1.1 0.3 3.692307692
-1.1 0.4 3.406593407
-1.1 0.5 3.406593407
-1.1 0.6 3.208791209
-1.1 0.7 3.131868132
-1.1 0.8 2.725274725
-1.1 0.9 2.846153846
-1.1 1 3.505494505
-1.1 1.1 2.956043956
-1.1 1.2 3.516483516
-1.1 1.3 3.252747253
-1.1 1.4 2.945054945
-1.1 1.5 2.67032967
-1.1 1.6 3.450549451
-1.1 1.7 3.043956044
-1.1 1.8 3.802197802
-1.1 1.9 4.076923077
-1.1 2 3.692307692
-1 -2 3.582417582
-1 -1.9 3.175824176
-1 -1.8 3.076923077
-1 -1.7 3.571428571
-1 -1.6 3.252747253
-1 -1.5 3.10989011
-1 -1.4 3.10989011
-1 -1.3 2.593406593
-1 -1.2 3.428571429
-1 -1.1 3.516483516
-1 -1 3.417582418
-1 -0.9 3.912087912
-1 -0.8 3.208791209
-1 -0.7 2.912087912
-1 -0.6 3.56043956
-1 -0.5 3.450549451
-1 -0.4 3.857142857
-1 -0.3 3.230769231
-1 -0.2 3.494505495
-1 -0.1 4.087912088
-1 0 3.758241758
-1 0.1 2.956043956
-1 0.2 3.78021978
-1 0.3 3.802197802
-1 0.4 3.406593407
-1 0.5 3.175824176
-1 0.6 3.516483516
-1 0.7 3.186813187
-1 0.8 2.56043956
-1 0.9 3.340659341
-1 1 3.692307692
-1 1.1 3.087912088
-1 1.2 3.021978022
-1 1.3 3.076923077
-1 1.4 3.230769231
-1 1.5 2.604395604
-1 1.6 3.945054945
-1 1.7 2.967032967
-1 1.8 3.285714286
-1 1.9 3.538461538
-1 2 3.296703297
-0.9 -2 2.769230769
-0.9 -1.9 3.197802198
-0.9 -1.8 3.659340659
-0.9 -1.7 3.285714286
-0.9 -1.6 2.714285714
-0.9 -1.5 3.054945055
-0.9 -1.4 2.78021978
-0.9 -1.3 2.78021978
-0.9 -1.2 3.340659341
-0.9 -1.1 3.604395604
-0.9 -1 3.417582418
-0.9 -0.9 3.186813187
-0.9 -0.8 3.582417582
-0.9 -0.7 3.186813187
-0.9 -0.6 3.461538462
-0.9 -0.5 3.241758242
-0.9 -0.4 3.758241758
-0.9 -0.3 3.681318681
-0.9 -0.2 3.571428571
-0.9 -0.1 3.263736264
-0.9 0 3.340659341
-0.9 0.1 3.373626374
-0.9 0.2 3.098901099
-0.9 0.3 3.967032967
-0.9 0.4 3.373626374
-0.9 0.5 3.516483516
-0.9 0.6 3.681318681
-0.9 0.7 3.120879121
-0.9 0.8 3.318681319
-0.9 0.9 3.230769231
-0.9 1 3.164835165
-0.9 1.1 2.956043956
-0.9 1.2 3.318681319
-0.9 1.3 2.813186813
-0.9 1.4 3.428571429
-0.9 1.5 3.164835165
-0.9 1.6 3.197802198
-0.9 1.7 3.274725275
-0.9 1.8 3.857142857
-0.9 1.9 3.912087912
-0.9 2 3.098901099
-0.8 -2 2.945054945
-0.8 -1.9 3.659340659
-0.8 -1.8 2.615384615
-0.8 -1.7 3.758241758
-0.8 -1.6 3.076923077
-0.8 -1.5 3.10989011
-0.8 -1.4 3.296703297
-0.8 -1.3 3.032967033
-0.8 -1.2 3.318681319
-0.8 -1.1 2.67032967
-0.8 -1 3.054945055
-0.8 -0.9 3.593406593
-0.8 -0.8 3.505494505
-0.8 -0.7 4.021978022
-0.8 -0.6 3.208791209
-0.8 -0.5 4.373626374
-0.8 -0.4 3.406593407
-0.8 -0.3 4.230769231
-0.8 -0.2 4.054945055
-0.8 -0.1 3.692307692
-0.8 0 3.538461538
-0.8 0.1 3.835164835
-0.8 0.2 3.714285714
-0.8 0.3 3.527472527
-0.8 0.4 3.175824176
-0.8 0.5 2.593406593
-0.8 0.6 2.824175824
-0.8 0.7 2.923076923
-0.8 0.8 3.604395604
-0.8 0.9 3.076923077
-0.8 1 4
-0.8 1.1 4.208791209
-0.8 1.2 2.923076923
-0.8 1.3 3.505494505
-0.8 1.4 3.516483516
-0.8 1.5 3.527472527
-0.8 1.6 3.175824176
-0.8 1.7 3.263736264
-0.8 1.8 3.175824176
-0.8 1.9 3.351648352
-0.8 2 3.714285714
-0.7 -2 3.406593407
-0.7 -1.9 3.538461538
-0.7 -1.8 3.681318681
-0.7 -1.7 3.461538462
-0.7 -1.6 2.593406593
-0.7 -1.5 3.516483516
-0.7 -1.4 3.131868132
-0.7 -1.3 3.527472527
-0.7 -1.2 3.956043956
-0.7 -1.1 3.186813187
-0.7 -1 3.065934066
-0.7 -0.9 3.406593407
-0.7 -0.8 3.208791209
-0.7 -0.7 3.472527473
-0.7 -0.6 3.230769231
-0.7 -0.5 3.824175824
-0.7 -0.4 3.571428571
-0.7 -0.3 3.406593407
-0.7 -0.2 3.912087912
-0.7 -0.1 3.318681319
-0.7 0 3.648351648
-0.7 0.1 2.868131868
-0.7 0.2 2.956043956
-0.7 0.3 3.769230769
-0.7 0.4 3.945054945
-0.7 0.5 4.142857143
-0.7 0.6 3.406593407
-0.7 0.7 2.978021978
-0.7 0.8 3.406593407
-0.7 0.9 3.230769231
-0.7 1 3.351648352
-0.7 1.1 3.142857143
-0.7 1.2 3.945054945
-0.7 1.3 3.208791209
-0.7 1.4 3.505494505
-0.7 1.5 3.626373626
-0.7 1.6 3.274725275
-0.7 1.7 3.637362637
-0.7 1.8 4.384615385
-0.7 1.9 3.417582418
-0.7 2 3.230769231
-0.6 -2 3.164835165
-0.6 -1.9 4.252747253
-0.6 -1.8 4.043956044
-0.6 -1.7 3.89010989
-0.6 -1.6 3.307692308
-0.6 -1.5 3.032967033
-0.6 -1.4 3.450549451
-0.6 -1.3 3.626373626
-0.6 -1.2 3.549450549
-0.6 -1.1 3.593406593
-0.6 -1 2.934065934
-0.6 -0.9 3.593406593
-0.6 -0.8 3.054945055
-0.6 -0.7 3.824175824
-0.6 -0.6 3.956043956
-0.6 -0.5 3.450549451
-0.6 -0.4 3.67032967
-0.6 -0.3 3.494505495
-0.6 -0.2 3.505494505
-0.6 -0.1 4.065934066
-0.6 0 3.516483516
-0.6 0.1 3.197802198
-0.6 0.2 3.538461538
-0.6 0.3 3.208791209
-0.6 0.4 3.681318681
-0.6 0.5 3.813186813
-0.6 0.6 3.32967033
-0.6 0.7 3.131868132
-0.6 0.8 2.89010989
-0.6 0.9 2.835164835
-0.6 1 3.373626374
-0.6 1.1 3.120879121
-0.6 1.2 3.120879121
-0.6 1.3 3.318681319
-0.6 1.4 3.637362637
-0.6 1.5 3.527472527
-0.6 1.6 3.714285714
-0.6 1.7 3.274725275
-0.6 1.8 3.692307692
-0.6 1.9 3.912087912
-0.6 2 3.362637363
-0.5 -2 4.373626374
-0.5 -1.9 3.296703297
-0.5 -1.8 3.483516484
-0.5 -1.7 3.076923077
-0.5 -1.6 4.164835165
-0.5 -1.5 3.175824176
-0.5 -1.4 3.32967033
-0.5 -1.3 3.164835165
-0.5 -1.2 3.318681319
-0.5 -1.1 4.395604396
-0.5 -1 3.89010989
-0.5 -0.9 3.483516484
-0.5 -0.8 3.527472527
-0.5 -0.7 3.626373626
-0.5 -0.6 2.934065934
-0.5 -0.5 3.769230769
-0.5 -0.4 4.285714286
-0.5 -0.3 3.78021978
-0.5 -0.2 3.538461538
-0.5 -0.1 3.901098901
-0.5 0 3.230769231
-0.5 0.1 3.56043956
-0.5 0.2 3.505494505
-0.5 0.3 3.318681319
-0.5 0.4 3.406593407
-0.5 0.5 3.835164835
-0.5 0.6 3.406593407
-0.5 0.7 3.406593407
-0.5 0.8 3.164835165
-0.5 0.9 2.978021978
-0.5 1 3.175824176
-0.5 1.1 3.362637363
-0.5 1.2 3.934065934
-0.5 1.3 3.43956044
-0.5 1.4 3.417582418
-0.5 1.5 3.428571429
-0.5 1.6 3.241758242
-0.5 1.7 4.054945055
-0.5 1.8 3.648351648
-0.5 1.9 3.483516484
-0.5 2 3.912087912
-0.4 -2 3.186813187
-0.4 -1.9 3.879120879
-0.4 -1.8 3.340659341
-0.4 -1.7 3.901098901
-0.4 -1.6 2.714285714
-0.4 -1.5 3.813186813
-0.4 -1.4 2.56043956
-0.4 -1.3 3.472527473
-0.4 -1.2 3.692307692
-0.4 -1.1 3.868131868
-0.4 -1 3.67032967
-0.4 -0.9 3.208791209
-0.4 -0.8 2.989010989
-0.4 -0.7 2.857142857
-0.4 -0.6 3.615384615
-0.4 -0.5 3.571428571
-0.4 -0.4 3.384615385
-0.4 -0.3 3.626373626
-0.4 -0.2 3.307692308
-0.4 -0.1 4.032967033
-0.4 0 3.252747253
-0.4 0.1 3.307692308
-0.4 0.2 3.296703297
-0.4 0.3 3.065934066
-0.4 0.4 3.967032967
-0.4 0.5 3.208791209
-0.4 0.6 3.153846154
-0.4 0.7 2.824175824
-0.4 0.8 3.615384615
-0.4 0.9 3.417582418
-0.4 1 3.087912088
-0.4 1.1 3.362637363
-0.4 1.2 3.406593407
-0.4 1.3 3.56043956
-0.4 1.4 3.527472527
-0.4 1.5 3.065934066
-0.4 1.6 3.593406593
-0.4 1.7 3.538461538
-0.4 1.8 3.703296703
-0.4 1.9 3.56043956
-0.4 2 3.032967033
-0.3 -2 3.406593407
-0.3 -1.9 3.153846154
-0.3 -1.8 2.923076923
-0.3 -1.7 4.164835165
-0.3 -1.6 3.362637363
-0.3 -1.5 3.285714286
-0.3 -1.4 2.637362637
-0.3 -1.3 4.131868132
-0.3 -1.2 4.197802198
-0.3 -1.1 3.285714286
-0.3 -1 3.659340659
-0.3 -0.9 3.406593407
-0.3 -0.8 3.175824176
-0.3 -0.7 3.274725275
-0.3 -0.6 2.802197802
-0.3 -0.5 3.230769231
-0.3 -0.4 4.010989011
-0.3 -0.3 3.186813187
-0.3 -0.2 2.472527473
-0.3 -0.1 3.120879121
-0.3 0 3.373626374
-0.3 0.1 3.263736264
-0.3 0.2 3.582417582
-0.3 0.3 3.362637363
-0.3 0.4 3.538461538
-0.3 0.5 3.307692308
-0.3 0.6 3.32967033
-0.3 0.7 3.824175824
-0.3 0.8 3.461538462
-0.3 0.9 3.681318681
-0.3 1 3.549450549
-0.3 1.1 4.065934066
-0.3 1.2 3.417582418
-0.3 1.3 3.681318681
-0.3 1.4 4.351648352
-0.3 1.5 3.296703297
-0.3 1.6 2.967032967
-0.3 1.7 3.747252747
-0.3 1.8 2.802197802
-0.3 1.9 3.956043956
-0.3 2 3.67032967
-0.2 -2 4.285714286
-0.2 -1.9 3.186813187
-0.2 -1.8 3.098901099
-0.2 -1.7 3.142857143
-0.2 -1.6 2.56043956
-0.2 -1.5 3.175824176
-0.2 -1.4 3.571428571
-0.2 -1.3 3.351648352
-0.2 -1.2 3.626373626
-0.2 -1.1 3.703296703
-0.2 -1 3.208791209
-0.2 -0.9 2.989010989
-0.2 -0.8 3
-0.2 -0.7 3.626373626
-0.2 -0.6 3.626373626
-0.2 -0.5 3.846153846
-0.2 -0.4 3.384615385
-0.2 -0.3 3.307692308
-0.2 -0.2 3.43956044
-0.2 -0.1 2.67032967
-0.2 0 3.054945055
-0.2 0.1 3.505494505
-0.2 0.2 2.912087912
-0.2 0.3 3.098901099
-0.2 0.4 2.791208791
-0.2 0.5 3.340659341
-0.2 0.6 3.692307692
-0.2 0.7 3.582417582
-0.2 0.8 2.626373626
-0.2 0.9 3.373626374
-0.2 1 3.175824176
-0.2 1.1 2.89010989
-0.2 1.2 3.736263736
-0.2 1.3 2.989010989
-0.2 1.4 2.923076923
-0.2 1.5 2.89010989
-0.2 1.6 3.032967033
-0.2 1.7 3.692307692
-0.2 1.8 3.351648352
-0.2 1.9 2.868131868
-0.2 2 3.362637363
-0.1 -2 3.230769231
-0.1 -1.9 2.857142857
-0.1 -1.8 3.285714286
-0.1 -1.7 3.10989011
-0.1 -1.6 3.087912088
-0.1 -1.5 3.21978022
-0.1 -1.4 3.417582418
-0.1 -1.3 3.274725275
-0.1 -1.2 3.164835165
-0.1 -1.1 4.10989011
-0.1 -1 3
-0.1 -0.9 4.384615385
-0.1 -0.8 3.197802198
-0.1 -0.7 3.241758242
-0.1 -0.6 3.538461538
-0.1 -0.5 3.67032967
-0.1 -0.4 2.956043956
-0.1 -0.3 3.494505495
-0.1 -0.2 2.725274725
-0.1 -0.1 3.252747253
-0.1 0 3.21978022
-0.1 0.1 3.043956044
-0.1 0.2 3.054945055
-0.1 0.3 2.923076923
-0.1 0.4 2.67032967
-0.1 0.5 3.010989011
-0.1 0.6 3.494505495
-0.1 0.7 3.428571429
-0.1 0.8 3.395604396
-0.1 0.9 3.989010989
-0.1 1 3.274725275
-0.1 1.1 3.186813187
-0.1 1.2 2.78021978
-0.1 1.3 3.032967033
-0.1 1.4 3.912087912
-0.1 1.5 3.835164835
-0.1 1.6 2.989010989
-0.1 1.7 3.428571429
-0.1 1.8 2.912087912
-0.1 1.9 3.901098901
-0.1 2 3.186813187
0 -2 4.659340659
0 -1.9 3.604395604
0 -1.8 2.824175824
0 -1.7 2.626373626
0 -1.6 2.78021978
0 -1.5 3.175824176
0 -1.4 3.043956044
0 -1.3 3.076923077
0 -1.2 2.450549451
0 -1.1 3.373626374
0 -1 2.857142857
0 -0.9 3.56043956
0 -0.8 3.054945055
0 -0.7 3.054945055
0 -0.6 3.120879121
0 -0.5 2.538461538
0 -0.4 3.252747253
0 -0.3 2.747252747
0 -0.2 3.692307692
0 -0.1 2.967032967
0 0 2.923076923
0 0.1 3.296703297
0 0.2 3.043956044
0 0.3 3.241758242
0 0.4 3.406593407
0 0.5 3.406593407
0 0.6 3.153846154
0 0.7 3.604395604
0 0.8 3.395604396
0 0.9 4.318681319
0 1 3.043956044
0 1.1 3.626373626
0 1.2 3.197802198
0 1.3 2.824175824
0 1.4 3.087912088
0 1.5 2.868131868
0 1.6 3
0 1.7 2.714285714
0 1.8 2.505494505
0 1.9 2.89010989
0 2 4.307692308
0.1 -2 3.384615385
0.1 -1.9 3.186813187
0.1 -1.8 2.923076923
0.1 -1.7 3.21978022
0.1 -1.6 3.032967033
0.1 -1.5 2.912087912
0.1 -1.4 2.967032967
0.1 -1.3 3.538461538
0.1 -1.2 3.164835165
0.1 -1.1 3.098901099
0.1 -1 3.67032967
0.1 -0.9 3.703296703
0.1 -0.8 3.395604396
0.1 -0.7 3.56043956
0.1 -0.6 3.582417582
0.1 -0.5 2.945054945
0.1 -0.4 3.10989011
0.1 -0.3 2.593406593
0.1 -0.2 2.912087912
0.1 -0.1 3.230769231
0.1 0 2.604395604
0.1 0.1 3.153846154
0.1 0.2 3.164835165
0.1 0.3 3.538461538
0.1 0.4 3.813186813
0.1 0.5 3.164835165
0.1 0.6 3.494505495
0.1 0.7 3.10989011
0.1 0.8 3.307692308
0.1 0.9 3.89010989
0.1 1 3.505494505
0.1 1.1 3.846153846
0.1 1.2 3.076923077
0.1 1.3 4.142857143
0.1 1.4 3.527472527
0.1 1.5 2.637362637
0.1 1.6 2.967032967
0.1 1.7 3.428571429
0.1 1.8 3.428571429
0.1 1.9 2.945054945
0.1 2 2.549450549
0.2 -2 2.593406593
0.2 -1.9 2.725274725
0.2 -1.8 3.076923077
0.2 -1.7 2.56043956
0.2 -1.6 3.461538462
0.2 -1.5 2.813186813
0.2 -1.4 3.912087912
0.2 -1.3 3.054945055
0.2 -1.2 3.230769231
0.2 -1.1 3.956043956
0.2 -1 3.285714286
0.2 -0.9 3.802197802
0.2 -0.8 3.054945055
0.2 -0.7 3.362637363
0.2 -0.6 3.241758242
0.2 -0.5 3.626373626
0.2 -0.4 3.692307692
0.2 -0.3 3.483516484
0.2 -0.2 3.296703297
0.2 -0.1 3.56043956
0.2 0 3.549450549
0.2 0.1 2.923076923
0.2 0.2 3.824175824
0.2 0.3 3.263736264
0.2 0.4 3.087912088
0.2 0.5 3.43956044
0.2 0.6 3.549450549
0.2 0.7 2.274725275
0.2 0.8 2.868131868
0.2 0.9 3.10989011
0.2 1 3.835164835
0.2 1.1 3.736263736
0.2 1.2 3.450549451
0.2 1.3 3.769230769
0.2 1.4 3.43956044
0.2 1.5 2.868131868
0.2 1.6 3.472527473
0.2 1.7 2.67032967
0.2 1.8 3.142857143
0.2 1.9 3.197802198
0.2 2 2.923076923
0.3 -2 3.186813187
0.3 -1.9 3.076923077
0.3 -1.8 2.989010989
0.3 -1.7 3.450549451
0.3 -1.6 2.769230769
0.3 -1.5 2.978021978
0.3 -1.4 2.978021978
0.3 -1.3 2.868131868
0.3 -1.2 3.340659341
0.3 -1.1 4.43956044
0.3 -1 3.241758242
0.3 -0.9 3.263736264
0.3 -0.8 3.153846154
0.3 -0.7 3.43956044
0.3 -0.6 2.901098901
0.3 -0.5 3.824175824
0.3 -0.4 3.340659341
0.3 -0.3 3.967032967
0.3 -0.2 3.824175824
0.3 -0.1 3.527472527
0.3 0 3.901098901
0.3 0.1 2.956043956
0.3 0.2 3.087912088
0.3 0.3 2.527472527
0.3 0.4 2.802197802
0.3 0.5 3.296703297
0.3 0.6 2.769230769
0.3 0.7 3.186813187
0.3 0.8 3.087912088
0.3 0.9 3.659340659
0.3 1 3.692307692
0.3 1.1 2.659340659
0.3 1.2 3.56043956
0.3 1.3 3.714285714
0.3 1.4 3.505494505
0.3 1.5 3.472527473
0.3 1.6 3.021978022
0.3 1.7 3.010989011
0.3 1.8 3.428571429
0.3 1.9 3.076923077
0.3 2 2.901098901
0.4 -2 3.626373626
0.4 -1.9 3.263736264
0.4 -1.8 2.901098901
0.4 -1.7 2.989010989
0.4 -1.6 3.076923077
0.4 -1.5 3.021978022
0.4 -1.4 3.373626374
0.4 -1.3 3.516483516
0.4 -1.2 3.285714286
0.4 -1.1 3.637362637
0.4 -1 2.978021978
0.4 -0.9 2.714285714
0.4 -0.8 3.659340659
0.4 -0.7 3.703296703
0.4 -0.6 3.120879121
0.4 -0.5 4
0.4 -0.4 3.318681319
0.4 -0.3 3.43956044
0.4 -0.2 3.318681319
0.4 -0.1 3.857142857
0.4 0 3.703296703
0.4 0.1 2.923076923
0.4 0.2 3.153846154
0.4 0.3 2.692307692
0.4 0.4 2.593406593
0.4 0.5 2.318681319
0.4 0.6 3.373626374
0.4 0.7 3.054945055
0.4 0.8 2.967032967
0.4 0.9 3.450549451
0.4 1 3.857142857
0.4 1.1 2.703296703
0.4 1.2 3.395604396
0.4 1.3 3.098901099
0.4 1.4 2.989010989
0.4 1.5 2.714285714
0.4 1.6 3.67032967
0.4 1.7 3.483516484
0.4 1.8 2.549450549
0.4 1.9 3.142857143
0.4 2 4.153846154
0.5 -2 3.208791209
0.5 -1.9 3.186813187
0.5 -1.8 2.868131868
0.5 -1.7 3.527472527
0.5 -1.6 3.637362637
0.5 -1.5 3.186813187
0.5 -1.4 3.703296703
0.5 -1.3 3.769230769
0.5 -1.2 3.32967033
0.5 -1.1 3.527472527
0.5 -1 3.054945055
0.5 -0.9 3.21978022
0.5 -0.8 4.186813187
0.5 -0.7 3.516483516
0.5 -0.6 3.032967033
0.5 -0.5 3.120879121
0.5 -0.4 2.945054945
0.5 -0.3 3.934065934
0.5 -0.2 3.351648352
0.5 -0.1 3.758241758
0.5 0 3.681318681
0.5 0.1 3.450549451
0.5 0.2 3.131868132
0.5 0.3 2.450549451
0.5 0.4 3.406593407
0.5 0.5 2.593406593
0.5 0.6 2.846153846
0.5 0.7 4.021978022
0.5 0.8 2.857142857
0.5 0.9 2.934065934
0.5 1 3.351648352
0.5 1.1 3.274725275
0.5 1.2 3.21978022
0.5 1.3 3.538461538
0.5 1.4 3.56043956
0.5 1.5 3.472527473
0.5 1.6 3.428571429
0.5 1.7 2.791208791
0.5 1.8 3.065934066
0.5 1.9 2.945054945
0.5 2 3.714285714
0.6 -2 2.901098901
0.6 -1.9 3.791208791
0.6 -1.8 3.197802198
0.6 -1.7 3.142857143
0.6 -1.6 3.186813187
0.6 -1.5 3.461538462
0.6 -1.4 4.054945055
0.6 -1.3 3.340659341
0.6 -1.2 3.230769231
0.6 -1.1 3.494505495
0.6 -1 3.362637363
0.6 -0.9 3.021978022
0.6 -0.8 3.868131868
0.6 -0.7 3.615384615
0.6 -0.6 3.802197802
0.6 -0.5 3.56043956
0.6 -0.4 3.505494505
0.6 -0.3 3.307692308
0.6 -0.2 3.593406593
0.6 -0.1 3.318681319
0.6 0 4.21978022
0.6 0.1 3.78021978
0.6 0.2 2.758241758
0.6 0.3 2.956043956
0.6 0.4 2.802197802
0.6 0.5 2.978021978
0.6 0.6 3.351648352
0.6 0.7 3.538461538
0.6 0.8 2.571428571
0.6 0.9 3.153846154
0.6 1 3.164835165
0.6 1.1 2.879120879
0.6 1.2 4.373626374
0.6 1.3 3.846153846
0.6 1.4 3.747252747
0.6 1.5 3.318681319
0.6 1.6 3.406593407
0.6 1.7 3.032967033
0.6 1.8 2.824175824
0.6 1.9 3.681318681
0.6 2 3.208791209
0.7 -2 3.274725275
0.7 -1.9 3.340659341
0.7 -1.8 3.373626374
0.7 -1.7 3.637362637
0.7 -1.6 3.736263736
0.7 -1.5 3.450549451
0.7 -1.4 3.835164835
0.7 -1.3 3.076923077
0.7 -1.2 3.549450549
0.7 -1.1 3
0.7 -1 3.142857143
0.7 -0.9 3.725274725
0.7 -0.8 3.186813187
0.7 -0.7 3.527472527
0.7 -0.6 3.879120879
0.7 -0.5 3.857142857
0.7 -0.4 3.417582418
0.7 -0.3 3.252747253
0.7 -0.2 3.131868132
0.7 -0.1 3.593406593
0.7 0 2.989010989
0.7 0.1 3.494505495
0.7 0.2 3.483516484
0.7 0.3 3.197802198
0.7 0.4 3.032967033
0.7 0.5 3.428571429
0.7 0.6 3.725274725
0.7 0.7 3.593406593
0.7 0.8 4.131868132
0.7 0.9 3.208791209
0.7 1 3.450549451
0.7 1.1 4.252747253
0.7 1.2 3.373626374
0.7 1.3 3.516483516
0.7 1.4 3.483516484
0.7 1.5 3.164835165
0.7 1.6 3.406593407
0.7 1.7 3.186813187
0.7 1.8 3.901098901
0.7 1.9 3.120879121
0.7 2 3.450549451
0.8 -2 3.296703297
0.8 -1.9 2.89010989
0.8 -1.8 3.571428571
0.8 -1.7 2.934065934
0.8 -1.6 3.505494505
0.8 -1.5 3.175824176
0.8 -1.4 3.131868132
0.8 -1.3 3.978021978
0.8 -1.2 3.054945055
0.8 -1.1 3.43956044
0.8 -1 3.527472527
0.8 -0.9 3.582417582
0.8 -0.8 3.802197802
0.8 -0.7 4.131868132
0.8 -0.6 3.406593407
0.8 -0.5 3.516483516
0.8 -0.4 3.32967033
0.8 -0.3 3.263736264
0.8 -0.2 3.868131868
0.8 -0.1 2.879120879
0.8 0 3.087912088
0.8 0.1 2.912087912
0.8 0.2 2.978021978
0.8 0.3 3.769230769
0.8 0.4 3.835164835
0.8 0.5 3.362637363
0.8 0.6 3.637362637
0.8 0.7 3.945054945
0.8 0.8 3.274725275
0.8 0.9 3.934065934
0.8 1 4.186813187
0.8 1.1 2.967032967
0.8 1.2 3.736263736
0.8 1.3 3.505494505
0.8 1.4 3.703296703
0.8 1.5 3.538461538
0.8 1.6 3.307692308
0.8 1.7 3.351648352
0.8 1.8 3.087912088
0.8 1.9 3.846153846
0.8 2 3.67032967
0.9 -2 3.164835165
0.9 -1.9 3.32967033
0.9 -1.8 4.505494505
0.9 -1.7 5.263736264
0.9 -1.6 3.32967033
0.9 -1.5 3.340659341
0.9 -1.4 3.505494505
0.9 -1.3 3.043956044
0.9 -1.2 3
0.9 -1.1 3.461538462
0.9 -1 3.846153846
0.9 -0.9 3.582417582
0.9 -0.8 4
0.9 -0.7 4.43956044
0.9 -0.6 3.747252747
0.9 -0.5 3.142857143
0.9 -0.4 3.373626374
0.9 -0.3 3.67032967
0.9 -0.2 3.516483516
0.9 -0.1 3.835164835
0.9 0 3.56043956
0.9 0.1 3.384615385
0.9 0.2 4.10989011
0.9 0.3 2.648351648
0.9 0.4 3.351648352
0.9 0.5 4.054945055
0.9 0.6 3.307692308
0.9 0.7 4
0.9 0.8 3.692307692
0.9 0.9 3.120879121
0.9 1 3.21978022
0.9 1.1 3.384615385
0.9 1.2 3.417582418
0.9 1.3 3.736263736
0.9 1.4 3.483516484
0.9 1.5 3.296703297
0.9 1.6 3.351648352
0.9 1.7 3.758241758
0.9 1.8 3.648351648
0.9 1.9 3.549450549
0.9 2 3.934065934
1 -2 2.769230769
1 -1.9 3.978021978
1 -1.8 4.10989011
1 -1.7 3.098901099
1 -1.6 2.681318681
1 -1.5 3.32967033
1 -1.4 3.10989011
1 -1.3 2.923076923
1 -1.2 3.230769231
1 -1.1 4.472527473
1 -1 3.142857143
1 -0.9 3.582417582
1 -0.8 3.483516484
1 -0.7 4.461538462
1 -0.6 3.934065934
1 -0.5 4.285714286
1 -0.4 4.186813187
1 -0.3 3.461538462
1 -0.2 2.868131868
1 -0.1 2.428571429
1 0 3.164835165
1 0.1 2.241758242
1 0.2 3.252747253
1 0.3 3.516483516
1 0.4 2.791208791
1 0.5 3.604395604
1 0.6 3.428571429
1 0.7 3.296703297
1 0.8 3.582417582
1 0.9 4.054945055
1 1 3.351648352
1 1.1 2.593406593
1 1.2 4.494505495
1 1.3 3.197802198
1 1.4 3.318681319
1 1.5 3.362637363
1 1.6 3.395604396
1 1.7 3.43956044
1 1.8 3.725274725
1 1.9 3.406593407
1 2 3.494505495
1.1 -2 2.923076923
1.1 -1.9 5.021978022
1.1 -1.8 3.527472527
1.1 -1.7 3.692307692
1.1 -1.6 4.054945055
1.1 -1.5 3.395604396
1.1 -1.4 3.406593407
1.1 -1.3 2.846153846
1.1 -1.2 3.351648352
1.1 -1.1 4.32967033
1.1 -1 4.450549451
1.1 -0.9 4.263736264
1.1 -0.8 4.340659341
1.1 -0.7 3.604395604
1.1 -0.6 4.142857143
1.1 -0.5 4.087912088
1.1 -0.4 3.626373626
1.1 -0.3 4.626373626
1.1 -0.2 4.307692308
1.1 -0.1 2.78021978
1.1 0 3.21978022
1.1 0.1 3.67032967
1.1 0.2 3.615384615
1.1 0.3 3.615384615
1.1 0.4 3.263736264
1.1 0.5 2.725274725
1.1 0.6 3.065934066
1.1 0.7 3.516483516
1.1 0.8 2.868131868
1.1 0.9 3.615384615
1.1 1 3.923076923
1.1 1.1 3.802197802
1.1 1.2 3.142857143
1.1 1.3 3.43956044
1.1 1.4 4.087912088
1.1 1.5 3.450549451
1.1 1.6 3.945054945
1.1 1.7 3.802197802
1.1 1.8 2.637362637
1.1 1.9 4.010989011
1.1 2 2.967032967
1.2 -2 4.307692308
1.2 -1.9 3.956043956
1.2 -1.8 3.395604396
1.2 -1.7 3.010989011
1.2 -1.6 3.32967033
1.2 -1.5 3.010989011
1.2 -1.4 3.10989011
1.2 -1.3 4.197802198
1.2 -1.2 4.153846154
1.2 -1.1 3.472527473
1.2 -1 3.945054945
1.2 -0.9 4.714285714
1.2 -0.8 4.615384615
1.2 -0.7 4.571428571
1.2 -0.6 4.604395604
1.2 -0.5 3.582417582
1.2 -0.4 4.010989011
1.2 -0.3 3.824175824
1.2 -0.2 3.835164835
1.2 -0.1 4.274725275
1.2 0 3.406593407
1.2 0.1 3.043956044
1.2 0.2 3.472527473
1.2 0.3 3.230769231
1.2 0.4 2.637362637
1.2 0.5 2.89010989
1.2 0.6 3.802197802
1.2 0.7 3.21978022
1.2 0.8 2.901098901
1.2 0.9 3.945054945
1.2 1 3.153846154
1.2 1.1 3.076923077
1.2 1.2 3.362637363
1.2 1.3 3.384615385
1.2 1.4 2.373626374
1.2 1.5 3.472527473
1.2 1.6 3.516483516
1.2 1.7 3.252747253
1.2 1.8 3.384615385
1.2 1.9 2.835164835
1.2 2 3.186813187
1.3 -2 4.043956044
1.3 -1.9 4.021978022
1.3 -1.8 4.043956044
1.3 -1.7 3.703296703
1.3 -1.6 3.549450549
1.3 -1.5 2.978021978
1.3 -1.4 3.32967033
1.3 -1.3 3.978021978
1.3 -1.2 4.362637363
1.3 -1.1 4.197802198
1.3 -1 4.164835165
1.3 -0.9 4.087912088
1.3 -0.8 4.252747253
1.3 -0.7 3.648351648
1.3 -0.6 4.032967033
1.3 -0.5 4.274725275
1.3 -0.4 3.945054945
1.3 -0.3 4.076923077
1.3 -0.2 3.417582418
1.3 -0.1 2.978021978
1.3 0 3.648351648
1.3 0.1 3.450549451
1.3 0.2 2.538461538
1.3 0.3 3.362637363
1.3 0.4 3.153846154
1.3 0.5 3.472527473
1.3 0.6 2.835164835
1.3 0.7 3.549450549
1.3 0.8 3.483516484
1.3 0.9 4.395604396
1.3 1 3.395604396
1.3 1.1 3.549450549
1.3 1.2 3.714285714
1.3 1.3 3.736263736
1.3 1.4 3.076923077
1.3 1.5 3.714285714
1.3 1.6 4.021978022
1.3 1.7 3.747252747
1.3 1.8 3.56043956
1.3 1.9 4.714285714
1.3 2 3.098901099
1.4 -2 3.67032967
1.4 -1.9 4.494505495
1.4 -1.8 3.505494505
1.4 -1.7 4.197802198
1.4 -1.6 3.274725275
1.4 -1.5 3.054945055
1.4 -1.4 4.197802198
1.4 -1.3 4.32967033
1.4 -1.2 3.758241758
1.4 -1.1 3.736263736
1.4 -1 3.923076923
1.4 -0.9 3.538461538
1.4 -0.8 3.846153846
1.4 -0.7 3.956043956
1.4 -0.6 3.912087912
1.4 -0.5 4.384615385
1.4 -0.4 4.637362637
1.4 -0.3 3.571428571
1.4 -0.2 4.076923077
1.4 -0.1 3.516483516
1.4 0 2.252747253
1.4 0.1 3.648351648
1.4 0.2 3.527472527
1.4 0.3 3.362637363
1.4 0.4 3.164835165
1.4 0.5 2.703296703
1.4 0.6 2.824175824
1.4 0.7 3.802197802
1.4 0.8 2.934065934
1.4 0.9 3.21978022
1.4 1 4.626373626
1.4 1.1 3.087912088
1.4 1.2 3.197802198
1.4 1.3 3.318681319
1.4 1.4 3.362637363
1.4 1.5 2.835164835
1.4 1.6 3.945054945
1.4 1.7 4.978021978
1.4 1.8 3.989010989
1.4 1.9 4.516483516
1.4 2 3.692307692
1.5 -2 3.472527473
1.5 -1.9 3.362637363
1.5 -1.8 4.21978022
1.5 -1.7 3
1.5 -1.6 3.32967033
1.5 -1.5 3.472527473
1.5 -1.4 3.417582418
1.5 -1.3 4.241758242
1.5 -1.2 4.263736264
1.5 -1.1 4.098901099
1.5 -1 4.098901099
1.5 -0.9 3.747252747
1.5 -0.8 3.956043956
1.5 -0.7 3.450549451
1.5 -0.6 4.406593407
1.5 -0.5 3.857142857
1.5 -0.4 3.527472527
1.5 -0.3 2.923076923
1.5 -0.2 3.824175824
1.5 -0.1 3.043956044
1.5 0 3
1.5 0.1 3.802197802
1.5 0.2 3.857142857
1.5 0.3 3.483516484
1.5 0.4 3.802197802
1.5 0.5 3.043956044
1.5 0.6 3.406593407
1.5 0.7 3.494505495
1.5 0.8 3.186813187
1.5 0.9 5.065934066
1.5 1 3.241758242
1.5 1.1 4.032967033
1.5 1.2 3.197802198
1.5 1.3 3.516483516
1.5 1.4 3.516483516
1.5 1.5 4.021978022
1.5 1.6 3.10989011
1.5 1.7 3.78021978
1.5 1.8 4.505494505
1.5 1.9 3.714285714
1.5 2 2.483516484
1.6 -2 4.21978022
1.6 -1.9 3.362637363
1.6 -1.8 4.263736264
1.6 -1.7 3.846153846
1.6 -1.6 3.824175824
1.6 -1.5 3.32967033
1.6 -1.4 2.923076923
1.6 -1.3 4.461538462
1.6 -1.2 3.747252747
1.6 -1.1 4.571428571
1.6 -1 4.296703297
1.6 -0.9 4.263736264
1.6 -0.8 4.307692308
1.6 -0.7 3.989010989
1.6 -0.6 4.076923077
1.6 -0.5 3.879120879
1.6 -0.4 3.32967033
1.6 -0.3 3.956043956
1.6 -0.2 3.593406593
1.6 -0.1 3.208791209
1.6 0 3.846153846
1.6 0.1 2.56043956
1.6 0.2 3.417582418
1.6 0.3 2.945054945
1.6 0.4 3.186813187
1.6 0.5 3.417582418
1.6 0.6 3.494505495
1.6 0.7 2.813186813
1.6 0.8 2.626373626
1.6 0.9 4.186813187
1.6 1 3.010989011
1.6 1.1 4.285714286
1.6 1.2 4.43956044
1.6 1.3 3.89010989
1.6 1.4 3.736263736
1.6 1.5 2.692307692
1.6 1.6 3.549450549
1.6 1.7 3.593406593
1.6 1.8 4.681318681
1.6 1.9 3.527472527
1.6 2 3.692307692
1.7 -2 3.384615385
1.7 -1.9 3.769230769
1.7 -1.8 3.406593407
1.7 -1.7 3.120879121
1.7 -1.6 2.967032967
1.7 -1.5 3.373626374
1.7 -1.4 3.736263736
1.7 -1.3 4.230769231
1.7 -1.2 3.549450549
1.7 -1.1 3.208791209
1.7 -1 3.175824176
1.7 -0.9 4.087912088
1.7 -0.8 5.340659341
1.7 -0.7 4.032967033
1.7 -0.6 3.362637363
1.7 -0.5 3.571428571
1.7 -0.4 3.252747253
1.7 -0.3 3.901098901
1.7 -0.2 3.802197802
1.7 -0.1 3.296703297
1.7 0 3.714285714
1.7 0.1 3.395604396
1.7 0.2 2.692307692
1.7 0.3 3.901098901
1.7 0.4 3.978021978
1.7 0.5 3.395604396
1.7 0.6 3.384615385
1.7 0.7 2.923076923
1.7 0.8 2.648351648
1.7 0.9 2.659340659
1.7 1 3.593406593
1.7 1.1 3.021978022
1.7 1.2 3.956043956
1.7 1.3 3.186813187
1.7 1.4 4.065934066
1.7 1.5 3.054945055
1.7 1.6 3.461538462
1.7 1.7 4.296703297
1.7 1.8 4.461538462
1.7 1.9 3.076923077
1.7 2 4.43956044
1.8 -2 3.736263736
1.8 -1.9 4.043956044
1.8 -1.8 4.648351648
1.8 -1.7 3.659340659
1.8 -1.6 3.824175824
1.8 -1.5 2.703296703
1.8 -1.4 4.021978022
1.8 -1.3 3.725274725
1.8 -1.2 4.461538462
1.8 -1.1 4.626373626
1.8 -1 3.824175824
1.8 -0.9 3.164835165
1.8 -0.8 4.252747253
1.8 -0.7 4.208791209
1.8 -0.6 3.32967033
1.8 -0.5 4.098901099
1.8 -0.4 3.175824176
1.8 -0.3 3.527472527
1.8 -0.2 3.32967033
1.8 -0.1 3.637362637
1.8 0 3.879120879
1.8 0.1 2.945054945
1.8 0.2 3.032967033
1.8 0.3 2.681318681
1.8 0.4 3.010989011
1.8 0.5 3.406593407
1.8 0.6 3.340659341
1.8 0.7 2.527472527
1.8 0.8 2.846153846
1.8 0.9 3.340659341
1.8 1 2.934065934
1.8 1.1 3.626373626
1.8 1.2 2.945054945
1.8 1.3 3.21978022
1.8 1.4 3.571428571
1.8 1.5 3.43956044
1.8 1.6 3.769230769
1.8 1.7 3.32967033
1.8 1.8 2.901098901
1.8 1.9 3.912087912
1.8 2 3.626373626
1.9 -2 3.428571429
1.9 -1.9 3.802197802
1.9 -1.8 3.604395604
1.9 -1.7 4.406593407
1.9 -1.6 4.164835165
1.9 -1.5 3.483516484
1.9 -1.4 3.120879121
1.9 -1.3 3.835164835
1.9 -1.2 3.362637363
1.9 -1.1 2.835164835
1.9 -1 3.703296703
1.9 -0.9 3.648351648
1.9 -0.8 3.32967033
1.9 -0.7 3.857142857
1.9 -0.6 4.131868132
1.9 -0.5 3.89010989
1.9 -0.4 3.516483516
1.9 -0.3 3.868131868
1.9 -0.2 2.945054945
1.9 -0.1 3.78021978
1.9 0 3.923076923
1.9 0.1 3.857142857
1.9 0.2 2.384615385
1.9 0.3 3.450549451
1.9 0.4 3.098901099
1.9 0.5 3.142857143
1.9 0.6 3.406593407
1.9 0.7 3.450549451
1.9 0.8 3.285714286
1.9 0.9 3.813186813
1.9 1 3.252747253
1.9 1.1 3.065934066
1.9 1.2 4.582417582
1.9 1.3 3.615384615
1.9 1.4 3.263736264
1.9 1.5 3.428571429
1.9 1.6 2.692307692
1.9 1.7 4.010989011
1.9 1.8 3.846153846
1.9 1.9 3.791208791
1.9 2 3.934065934
2 -2 5.274725275
2 -1.9 3.868131868
2 -1.8 3.142857143
2 -1.7 3.714285714
2 -1.6 3.604395604
2 -1.5 4.615384615
2 -1.4 3.472527473
2 -1.3 5.318681319
2 -1.2 4
2 -1.1 4.21978022
2 -1 3.450549451
2 -0.9 3.868131868
2 -0.8 4.901098901
2 -0.7 4.351648352
2 -0.6 3.538461538
2 -0.5 3.934065934
2 -0.4 3.736263736
2 -0.3 3.296703297
2 -0.2 3.582417582
2 -0.1 3.692307692
2 0 3.802197802
2 0.1 3.362637363
2 0.2 4.395604396
2 0.3 2.813186813
2 0.4 2.879120879
2 0.5 3.362637363
2 0.6 4
2 0.7 3.120879121
2 0.8 2.923076923
2 0.9 3.428571429
2 1 2.967032967
2 1.1 3.406593407
2 1.2 2.923076923
2 1.3 3.362637363
2 1.4 2.263736264
2 1.5 3.362637363
2 1.6 3.296703297
2 1.7 6.417582418
2 1.8 3.89010989
2 1.9 3.274725275
2 2 2.527472527
