-2 -2 4
-2 -1.9 46
-2 -1.8 54
-2 -1.7 62
-2 -1.6 116
-2 -1.5 132
-2 -1.4 108
-2 -1.3 28
-2 -1.2 32
-2 -1.1 8
-2 -1 12
-2 -0.9 16
-2 -0.8 50
-2 -0.7 84
-2 -0.6 136
-2 -0.5 138
-2 -0.4 118
-2 -0.3 64
-2 -0.2 24
-2 -0.1 34
-2 0 12
-2 0.1 20
-2 0.2 52
-2 0.3 72
-2 0.4 118
-2 0.5 132
-2 0.6 94
-2 0.7 50
-2 0.8 40
-2 0.9 10
-2 1 20
-2 1.1 20
-2 1.2 24
-2 1.3 74
-2 1.4 76
-2 1.5 156
-2 1.6 122
-2 1.7 124
-2 1.8 60
-2 1.9 24
-2 2 14
-1.9 -2 6
-1.9 -1.9 17
-1.9 -1.8 33
-1.9 -1.7 46
-1.9 -1.6 80
-1.9 -1.5 86
-1.9 -1.4 49
-1.9 -1.3 58
-1.9 -1.2 34
-1.9 -1.1 12
-1.9 -1 5
-1.9 -0.9 12
-1.9 -0.8 29
-1.9 -0.7 49
-1.9 -0.6 92
-1.9 -0.5 123
-1.9 -0.4 88
-1.9 -0.3 53
-1.9 -0.2 26
-1.9 -0.1 20
-1.9 0 22
-1.9 0.1 12
-1.9 0.2 31
-1.9 0.3 53
-1.9 0.4 93
-1.9 0.5 96
-1.9 0.6 74
-1.9 0.7 53
-1.9 0.8 21
-1.9 0.9 14
-1.9 1 10
-1.9 1.1 13
-1.9 1.2 25
-1.9 1.3 40
-1.9 1.4 63
-1.9 1.5 82
-1.9 1.6 59
-1.9 1.7 72
-1.9 1.8 30
-1.9 1.9 8
-1.9 2 3
-1.8 -2 12
-1.8 -1.9 1
-1.8 -1.8 11
-1.8 -1.7 26
-1.8 -1.6 54
-1.8 -1.5 63
-1.8 -1.4 55
-1.8 -1.3 28
-1.8 -1.2 17
-1.8 -1.1 9
-1.8 -1 10
-1.8 -0.9 12
-1.8 -0.8 13
-1.8 -0.7 40
-1.8 -0.6 58
-1.8 -0.5 72
-1.8 -0.4 35
-1.8 -0.3 32
-1.8 -0.2 17
-1.8 -0.1 8
-1.8 0 11
-1.8 0.1 15
-1.8 0.2 21
-1.8 0.3 44
-1.8 0.4 66
-1.8 0.5 49
-1.8 0.6 50
-1.8 0.7 38
-1.8 0.8 18
-1.8 0.9 8
-1.8 1 5
-1.8 1.1 13
-1.8 1.2 16
-1.8 1.3 27
-1.8 1.4 48
-1.8 1.5 48
-1.8 1.6 65
-1.8 1.7 64
-1.8 1.8 22
-1.8 1.9 17
-1.8 2 5
-1.7 -2 4
-1.7 -1.9 11
-1.7 -1.8 4
-1.7 -1.7 36
-1.7 -1.6 45
-1.7 -1.5 78
-1.7 -1.4 55
-1.7 -1.3 43
-1.7 -1.2 18
-1.7 -1.1 17
-1.7 -1 14
-1.7 -0.9 13
-1.7 -0.8 16
-1.7 -0.7 29
-1.7 -0.6 56
-1.7 -0.5 58
-1.7 -0.4 59
-1.7 -0.3 31
-1.7 -0.2 18
-1.7 -0.1 6
-1.7 0 9
-1.7 0.1 11
-1.7 0.2 13
-1.7 0.3 23
-1.7 0.4 46
-1.7 0.5 72
-1.7 0.6 67
-1.7 0.7 35
-1.7 0.8 20
-1.7 0.9 9
-1.7 1 12
-1.7 1.1 17
-1.7 1.2 12
-1.7 1.3 37
-1.7 1.4 51
-1.7 1.5 44
-1.7 1.6 40
-1.7 1.7 74
-1.7 1.8 15
-1.7 1.9 10
-1.7 2 4
-1.6 -2 8
-1.6 -1.9 8
-1.6 -1.8 21
-1.6 -1.7 34
-1.6 -1.6 79
-1.6 -1.5 97
-1.6 -1.4 64
-1.6 -1.3 45
-1.6 -1.2 27
-1.6 -1.1 13
-1.6 -1 9
-1.6 -0.9 14
-1.6 -0.8 40
-1.6 -0.7 65
-1.6 -0.6 77
-1.6 -0.5 96
-1.6 -0.4 73
-1.6 -0.3 51
-1.6 -0.2 20
-1.6 -0.1 26
-1.6 0 20
-1.6 0.1 18
-1.6 0.2 32
-1.6 0.3 36
-1.6 0.4 78
-1.6 0.5 108
-1.6 0.6 105
-1.6 0.7 49
-1.6 0.8 32
-1.6 0.9 13
-1.6 1 29
-1.6 1.1 14
-1.6 1.2 26
-1.6 1.3 58
-1.6 1.4 63
-1.6 1.5 86
-1.6 1.6 66
-1.6 1.7 84
-1.6 1.8 20
-1.6 1.9 8
-1.6 2 4
-1.5 -2 18
-1.5 -1.9 38
-1.5 -1.8 49
-1.5 -1.7 88
-1.5 -1.6 155
-1.5 -1.5 199
-1.5 -1.4 191
-1.5 -1.3 107
-1.5 -1.2 59
-1.5 -1.1 31
-1.5 -1 21
-1.5 -0.9 27
-1.5 -0.8 60
-1.5 -0.7 91
-1.5 -0.6 147
-1.5 -0.5 156
-1.5 -0.4 118
-1.5 -0.3 106
-1.5 -0.2 44
-1.5 -0.1 40
-1.5 0 27
-1.5 0.1 34
-1.5 0.2 32
-1.5 0.3 80
-1.5 0.4 160
-1.5 0.5 200
-1.5 0.6 145
-1.5 0.7 92
-1.5 0.8 54
-1.5 0.9 35
-1.5 1 25
-1.5 1.1 34
-1.5 1.2 41
-1.5 1.3 91
-1.5 1.4 142
-1.5 1.5 175
-1.5 1.6 122
-1.5 1.7 130
-1.5 1.8 47
-1.5 1.9 39
-1.5 2 8
-1.4 -2 30
-1.4 -1.9 39
-1.4 -1.8 71
-1.4 -1.7 145
-1.4 -1.6 316
-1.4 -1.5 323
-1.4 -1.4 286
-1.4 -1.3 190
-1.4 -1.2 107
-1.4 -1.1 59
-1.4 -1 44
-1.4 -0.9 53
-1.4 -0.8 89
-1.4 -0.7 159
-1.4 -0.6 257
-1.4 -0.5 308
-1.4 -0.4 209
-1.4 -0.3 129
-1.4 -0.2 77
-1.4 -0.1 53
-1.4 0 36
-1.4 0.1 48
-1.4 0.2 82
-1.4 0.3 149
-1.4 0.4 235
-1.4 0.5 283
-1.4 0.6 235
-1.4 0.7 155
-1.4 0.8 105
-1.4 0.9 50
-1.4 1 31
-1.4 1.1 62
-1.4 1.2 97
-1.4 1.3 161
-1.4 1.4 256
-1.4 1.5 283
-1.4 1.6 253
-1.4 1.7 286
-1.4 1.8 72
-1.4 1.9 64
-1.4 2 23
-1.3 -2 54
-1.3 -1.9 69
-1.3 -1.8 112
-1.3 -1.7 277
-1.3 -1.6 438
-1.3 -1.5 450
-1.3 -1.4 377
-1.3 -1.3 209
-1.3 -1.2 124
-1.3 -1.1 91
-1.3 -1 64
-1.3 -0.9 73
-1.3 -0.8 129
-1.3 -0.7 220
-1.3 -0.6 331
-1.3 -0.5 396
-1.3 -0.4 375
-1.3 -0.3 205
-1.3 -0.2 118
-1.3 -0.1 45
-1.3 0 63
-1.3 0.1 45
-1.3 0.2 115
-1.3 0.3 229
-1.3 0.4 388
-1.3 0.5 482
-1.3 0.6 361
-1.3 0.7 227
-1.3 0.8 134
-1.3 0.9 48
-1.3 1 45
-1.3 1.1 69
-1.3 1.2 127
-1.3 1.3 230
-1.3 1.4 388
-1.3 1.5 411
-1.3 1.6 345
-1.3 1.7 506
-1.3 1.8 125
-1.3 1.9 35
-1.3 2 26
-1.2 -2 34
-1.2 -1.9 29
-1.2 -1.8 89
-1.2 -1.7 280
-1.2 -1.6 832
-1.2 -1.5 1016
-1.2 -1.4 797
-1.2 -1.3 401
-1.2 -1.2 71
-1.2 -1.1 35
-1.2 -1 27
-1.2 -0.9 31
-1.2 -0.8 84
-1.2 -0.7 280
-1.2 -0.6 767
-1.2 -0.5 904
-1.2 -0.4 602
-1.2 -0.3 264
-1.2 -0.2 75
-1.2 -0.1 28
-1.2 0 12
-1.2 0.1 29
-1.2 0.2 105
-1.2 0.3 292
-1.2 0.4 710
-1.2 0.5 1016
-1.2 0.6 662
-1.2 0.7 301
-1.2 0.8 95
-1.2 0.9 39
-1.2 1 19
-1.2 1.1 35
-1.2 1.2 93
-1.2 1.3 345
-1.2 1.4 662
-1.2 1.5 1068
-1.2 1.6 792
-1.2 1.7 624
-1.2 1.8 56
-1.2 1.9 28
-1.2 2 8
-1.1 -2 16
-1.1 -1.9 20
-1.1 -1.8 56
-1.1 -1.7 141
-1.1 -1.6 353
-1.1 -1.5 617
-1.1 -1.4 435
-1.1 -1.3 123
-1.1 -1.2 34
-1.1 -1.1 13
-1.1 -1 8
-1.1 -0.9 5
-1.1 -0.8 42
-1.1 -0.7 133
-1.1 -0.6 408
-1.1 -0.5 481
-1.1 -0.4 329
-1.1 -0.3 145
-1.1 -0.2 29
-1.1 -0.1 4
-1.1 0 7
-1.1 0.1 13
-1.1 0.2 48
-1.1 0.3 126
-1.1 0.4 432
-1.1 0.5 598
-1.1 0.6 409
-1.1 0.7 126
-1.1 0.8 44
-1.1 0.9 21
-1.1 1 16
-1.1 1.1 16
-1.1 1.2 44
-1.1 1.3 123
-1.1 1.4 347
-1.1 1.5 567
-1.1 1.6 398
-1.1 1.7 270
-1.1 1.8 63
-1.1 1.9 16
-1.1 2 11
-1 -2 2
-1 -1.9 18
-1 -1.8 14
-1 -1.7 41
-1 -1.6 151
-1 -1.5 206
-1 -1.4 130
-1 -1.3 44
-1 -1.2 25
-1 -1.1 5
-1 -1 7
-1 -0.9 4
-1 -0.8 6
-1 -0.7 38
-1 -0.6 106
-1 -0.5 125
-1 -0.4 128
-1 -0.3 50
-1 -0.2 3
-1 -0.1 9
-1 0 3
-1 0.1 2
-1 0.2 12
-1 0.3 38
-1 0.4 105
-1 0.5 137
-1 0.6 111
-1 0.7 78
-1 0.8 25
-1 0.9 6
-1 1 2
-1 1.1 3
-1 1.2 14
-1 1.3 37
-1 1.4 118
-1 1.5 148
-1 1.6 144
-1 1.7 96
-1 1.8 13
-1 1.9 4
-1 2 4
-0.9 -2 2
-0.9 -1.8 6
-0.9 -1.7 14
-0.9 -1.6 31
-0.9 -1.5 50
-0.9 -1.4 38
-0.9 -1.3 21
-0.9 -1.2 6
-0.9 -1.1 2
-0.9 -0.9 3
-0.9 -0.8 8
-0.9 -0.7 12
-0.9 -0.6 28
-0.9 -0.5 41
-0.9 -0.4 27
-0.9 -0.3 6
-0.9 -0.2 2
-0.9 0 2
-0.9 0.1 5
-0.9 0.2 2
-0.9 0.3 11
-0.9 0.4 38
-0.9 0.5 69
-0.9 0.6 39
-0.9 0.7 11
-0.9 0.8 2
-0.9 1.1 1
-0.9 1.2 6
-0.9 1.3 18
-0.9 1.4 36
-0.9 1.5 60
-0.9 1.6 44
-0.9 1.7 36
-0.9 1.8 5
-0.9 1.9 4
-0.9 2 3
-0.8 -1.9 1
-0.8 -1.8 1
-0.8 -1.7 13
-0.8 -1.6 21
-0.8 -1.5 38
-0.8 -1.4 27
-0.8 -1.3 3
-0.8 -1.2 1
-0.8 -1 1
-0.8 -0.8 2
-0.8 -0.7 15
-0.8 -0.6 14
-0.8 -0.5 27
-0.8 -0.4 8
-0.8 -0.3 8
-0.8 -0.2 4
-0.8 -0.1 1
-0.8 0.2 1
-0.8 0.3 15
-0.8 0.4 14
-0.8 0.5 24
-0.8 0.6 18
-0.8 0.7 10
-0.8 0.8 2
-0.8 0.9 1
-0.8 1 1
-0.8 1.1 2
-0.8 1.2 1
-0.8 1.3 8
-0.8 1.4 17
-0.8 1.5 30
-0.8 1.6 17
-0.8 1.7 28
-0.8 1.8 1
-0.8 1.9 2
-0.8 2 1
-0.7 -2 2
-0.7 -1.9 1
-0.7 -1.8 5
-0.7 -1.7 4
-0.7 -1.6 6
-0.7 -1.5 5
-0.7 -1.4 17
-0.7 -1.3 10
-0.7 -1.2 6
-0.7 -1.1 1
-0.7 -0.9 3
-0.7 -0.8 1
-0.7 -0.7 8
-0.7 -0.6 14
-0.7 -0.5 25
-0.7 -0.4 9
-0.7 -0.3 7
-0.7 0.1 1
-0.7 0.2 3
-0.7 0.3 8
-0.7 0.4 15
-0.7 0.5 25
-0.7 0.6 18
-0.7 0.7 7
-0.7 0.8 4
-0.7 1.2 1
-0.7 1.3 7
-0.7 1.4 26
-0.7 1.5 30
-0.7 1.6 16
-0.7 1.7 8
-0.7 1.8 1
-0.7 1.9 1
-0.7 2 1
-0.6 -1.8 2
-0.6 -1.7 7
-0.6 -1.6 16
-0.6 -1.5 30
-0.6 -1.4 18
-0.6 -1.3 4
-0.6 -1.2 5
-0.6 -1 1
-0.6 -0.9 2
-0.6 -0.8 11
-0.6 -0.7 14
-0.6 -0.6 50
-0.6 -0.5 74
-0.6 -0.4 49
-0.6 -0.3 24
-0.6 -0.2 3
-0.6 -0.1 1
-0.6 0.2 3
-0.6 0.3 25
-0.6 0.4 37
-0.6 0.5 48
-0.6 0.6 58
-0.6 0.7 21
-0.6 0.8 2
-0.6 1.2 8
-0.6 1.3 22
-0.6 1.4 44
-0.6 1.5 80
-0.6 1.6 19
-0.6 1.7 34
-0.6 1.8 3
-0.6 1.9 2
-0.5 -1.9 7
-0.5 -1.8 7
-0.5 -1.7 30
-0.5 -1.6 74
-0.5 -1.5 133
-0.5 -1.4 81
-0.5 -1.3 46
-0.5 -1.2 13
-0.5 -1.1 10
-0.5 -1 5
-0.5 -0.9 3
-0.5 -0.8 26
-0.5 -0.7 63
-0.5 -0.6 138
-0.5 -0.5 194
-0.5 -0.4 163
-0.5 -0.3 68
-0.5 -0.2 8
-0.5 -0.1 2
-0.5 0 3
-0.5 0.1 5
-0.5 0.2 25
-0.5 0.3 57
-0.5 0.4 124
-0.5 0.5 214
-0.5 0.6 199
-0.5 0.7 50
-0.5 0.8 15
-0.5 0.9 3
-0.5 1 2
-0.5 1.1 8
-0.5 1.2 17
-0.5 1.3 48
-0.5 1.4 136
-0.5 1.5 184
-0.5 1.6 140
-0.5 1.7 100
-0.5 1.8 30
-0.5 1.9 5
-0.5 2 1
-0.4 -2 6
-0.4 -1.9 11
-0.4 -1.8 36
-0.4 -1.7 109
-0.4 -1.6 325
-0.4 -1.5 365
-0.4 -1.4 268
-0.4 -1.3 82
-0.4 -1.2 32
-0.4 -1.1 10
-0.4 -1 9
-0.4 -0.9 9
-0.4 -0.8 33
-0.4 -0.7 215
-0.4 -0.6 411
-0.4 -0.5 618
-0.4 -0.4 387
-0.4 -0.3 214
-0.4 -0.2 50
-0.4 -0.1 20
-0.4 0 16
-0.4 0.1 35
-0.4 0.2 67
-0.4 0.3 178
-0.4 0.4 477
-0.4 0.5 700
-0.4 0.6 442
-0.4 0.7 175
-0.4 0.8 46
-0.4 0.9 9
-0.4 1 11
-0.4 1.1 8
-0.4 1.2 54
-0.4 1.3 140
-0.4 1.4 360
-0.4 1.5 511
-0.4 1.6 338
-0.4 1.7 436
-0.4 1.8 75
-0.4 1.9 11
-0.4 2 3
-0.3 -2 18
-0.3 -1.9 35
-0.3 -1.8 64
-0.3 -1.7 200
-0.3 -1.6 539
-0.3 -1.5 731
-0.3 -1.4 518
-0.3 -1.3 204
-0.3 -1.2 71
-0.3 -1.1 40
-0.3 -1 19
-0.3 -0.9 43
-0.3 -0.8 87
-0.3 -0.7 328
-0.3 -0.6 915
-0.3 -0.5 1189
-0.3 -0.4 966
-0.3 -0.3 319
-0.3 -0.2 105
-0.3 -0.1 38
-0.3 0 22
-0.3 0.1 46
-0.3 0.2 99
-0.3 0.3 316
-0.3 0.4 946
-0.3 0.5 1179
-0.3 0.6 868
-0.3 0.7 322
-0.3 0.8 73
-0.3 0.9 49
-0.3 1 14
-0.3 1.1 36
-0.3 1.2 101
-0.3 1.3 261
-0.3 1.4 726
-0.3 1.5 972
-0.3 1.6 684
-0.3 1.7 556
-0.3 1.8 90
-0.3 1.9 29
-0.3 2 5
-0.2 -2 6
-0.2 -1.9 12
-0.2 -1.8 36
-0.2 -1.7 384
-0.2 -1.6 1247
-0.2 -1.5 1920
-0.2 -1.4 1254
-0.2 -1.3 295
-0.2 -1.2 56
-0.2 -1.1 11
-0.2 -1 4
-0.2 -0.9 3
-0.2 -0.8 56
-0.2 -0.7 475
-0.2 -0.6 1807
-0.2 -0.5 3090
-0.2 -0.4 1797
-0.2 -0.3 441
-0.2 -0.2 107
-0.2 -0.1 11
-0.2 0 14
-0.2 0.1 11
-0.2 0.2 95
-0.2 0.3 530
-0.2 0.4 2025
-0.2 0.5 3096
-0.2 0.6 1821
-0.2 0.7 478
-0.2 0.8 78
-0.2 0.9 25
-0.2 1 4
-0.2 1.1 11
-0.2 1.2 70
-0.2 1.3 312
-0.2 1.4 1592
-0.2 1.5 2736
-0.2 1.6 1588
-0.2 1.7 786
-0.2 1.8 48
-0.2 1.9 9
-0.2 2 9
-0.1 -2 8
-0.1 -1.9 1
-0.1 -1.8 23
-0.1 -1.7 77
-0.1 -1.6 475
-0.1 -1.5 668
-0.1 -1.4 433
-0.1 -1.3 108
-0.1 -1.2 26
-0.1 -1.1 2
-0.1 -1 4
-0.1 -0.9 3
-0.1 -0.8 19
-0.1 -0.7 172
-0.1 -0.6 697
-0.1 -0.5 1067
-0.1 -0.4 729
-0.1 -0.3 161
-0.1 -0.2 37
-0.1 -0.1 7
-0.1 0 2
-0.1 0.1 16
-0.1 0.2 42
-0.1 0.3 207
-0.1 0.4 690
-0.1 0.5 1193
-0.1 0.6 669
-0.1 0.7 141
-0.1 0.8 48
-0.1 0.9 13
-0.1 1 3
-0.1 1.1 5
-0.1 1.2 17
-0.1 1.3 140
-0.1 1.4 640
-0.1 1.5 908
-0.1 1.6 596
-0.1 1.7 318
-0.1 1.8 18
-0.1 1.9 2
-0.1 2 3
0 -1.9 3
0 -1.8 3
0 -1.7 25
0 -1.6 76
0 -1.5 139
0 -1.4 72
0 -1.3 21
0 -1.2 2
0 -0.8 1
0 -0.7 35
0 -0.6 118
0 -0.5 219
0 -0.4 147
0 -0.3 43
0 -0.2 6
0 -0.1 3
0 0 2
0 0.1 4
0 0.3 47
0 0.4 130
0 0.5 217
0 0.6 151
0 0.7 22
0 0.8 7
0 1.3 30
0 1.4 90
0 1.5 210
0 1.6 108
0 1.7 38
0 1.8 4
0 1.9 2
0.1 -1.8 1
0.1 -1.7 8
0.1 -1.6 17
0.1 -1.5 34
0.1 -1.4 21
0.1 -1.3 2
0.1 -0.7 4
0.1 -0.6 24
0.1 -0.5 38
0.1 -0.4 9
0.1 -0.3 3
0.1 -0.1 1
0.1 0.2 8
0.1 0.3 5
0.1 0.4 21
0.1 0.5 35
0.1 0.6 22
0.1 0.7 7
0.1 0.8 4
0.1 0.9 1
0.1 1.2 1
0.1 1.3 1
0.1 1.4 36
0.1 1.5 33
0.1 1.6 25
0.1 1.7 14
0.1 1.8 5
0.2 -1.8 1
0.2 -1.7 1
0.2 -1.6 16
0.2 -1.5 12
0.2 -1.4 4
0.2 -1.3 1
0.2 -0.8 1
0.2 -0.7 4
0.2 -0.6 7
0.2 -0.5 9
0.2 -0.4 9
0.2 -0.3 1
0.2 0.3 5
0.2 0.4 11
0.2 0.5 14
0.2 0.6 2
0.2 1.3 1
0.2 1.4 10
0.2 1.5 18
0.2 1.6 10
0.2 1.7 2
0.3 -1.7 2
0.3 -1.6 12
0.3 -1.5 8
0.3 -1.4 12
0.3 -0.7 4
0.3 -0.6 2
0.3 -0.5 13
0.3 -0.4 3
0.3 -0.3 2
0.3 0.3 1
0.3 0.4 8
0.3 0.5 12
0.3 0.6 9
0.3 0.8 1
0.3 1.3 4
0.3 1.4 17
0.3 1.5 18
0.3 1.6 5
0.3 1.7 14
0.4 -1.9 1
0.4 -1.7 5
0.4 -1.6 25
0.4 -1.5 39
0.4 -1.4 10
0.4 -1.3 6
0.4 -0.9 1
0.4 -0.7 4
0.4 -0.6 24
0.4 -0.5 42
0.4 -0.4 10
0.4 -0.3 2
0.4 0.3 6
0.4 0.4 10
0.4 0.5 37
0.4 0.6 23
0.4 0.7 9
0.4 0.9 1
0.4 1.3 5
0.4 1.4 43
0.4 1.5 51
0.4 1.6 23
0.4 1.7 28
0.4 1.8 2
0.5 -1.9 2
0.5 -1.8 8
0.5 -1.7 20
0.5 -1.6 118
0.5 -1.5 234
0.5 -1.4 106
0.5 -1.3 39
0.5 -1.2 7
0.5 -1.1 6
0.5 -0.9 2
0.5 -0.7 30
0.5 -0.6 83
0.5 -0.5 136
0.5 -0.4 92
0.5 -0.3 15
0.5 -0.2 4
0.5 0 1
0.5 0.2 13
0.5 0.3 19
0.5 0.4 139
0.5 0.5 215
0.5 0.6 145
0.5 0.7 29
0.5 0.8 5
0.5 1.2 4
0.5 1.3 47
0.5 1.4 129
0.5 1.5 287
0.5 1.6 143
0.5 1.7 70
0.5 1.8 5
0.6 -2 2
0.6 -1.9 8
0.6 -1.8 24
0.6 -1.7 123
0.6 -1.6 623
0.6 -1.5 1117
0.6 -1.4 519
0.6 -1.3 186
0.6 -1.2 22
0.6 -1.1 6
0.6 -0.9 2
0.6 -0.8 19
0.6 -0.7 150
0.6 -0.6 563
0.6 -0.5 844
0.6 -0.4 468
0.6 -0.3 157
0.6 -0.2 18
0.6 -0.1 10
0.6 0 2
0.6 0.1 1
0.6 0.2 33
0.6 0.3 192
0.6 0.4 633
0.6 0.5 1084
0.6 0.6 713
0.6 0.7 176
0.6 0.8 35
0.6 0.9 8
0.6 1 6
0.6 1.1 3
0.6 1.2 31
0.6 1.3 217
0.6 1.4 906
0.6 1.5 1786
0.6 1.6 954
0.6 1.7 526
0.6 1.8 50
0.6 1.9 11
0.6 2 3
0.7 -2 8
0.7 -1.9 10
0.7 -1.8 79
0.7 -1.7 504
0.7 -1.6 1648
0.7 -1.5 3109
0.7 -1.4 1908
0.7 -1.3 496
0.7 -1.2 52
0.7 -1.1 7
0.7 -1 7
0.7 -0.9 10
0.7 -0.8 43
0.7 -0.7 378
0.7 -0.6 1459
0.7 -0.5 2500
0.7 -0.4 1373
0.7 -0.3 348
0.7 -0.2 66
0.7 -0.1 13
0.7 0 5
0.7 0.1 7
0.7 0.2 58
0.7 0.3 494
0.7 0.4 1742
0.7 0.5 2973
0.7 0.6 1825
0.7 0.7 504
0.7 0.8 83
0.7 0.9 27
0.7 1 10
0.7 1.1 20
0.7 1.2 94
0.7 1.3 705
0.7 1.4 2705
0.7 1.5 4478
0.7 1.6 2650
0.7 1.7 1472
0.7 1.8 86
0.7 1.9 36
0.7 2 8
0.8 -2 4
0.8 -1.9 25
0.8 -1.8 64
0.8 -1.7 678
0.8 -1.6 4189
0.8 -1.5 8072
0.8 -1.4 3837
0.8 -1.3 610
0.8 -1.2 32
0.8 -1.1 4
0.8 -1 1
0.8 -0.9 3
0.8 -0.8 32
0.8 -0.7 528
0.8 -0.6 3273
0.8 -0.5 5978
0.8 -0.4 3157
0.8 -0.3 500
0.8 -0.2 64
0.8 -0.1 6
0.8 0 1
0.8 0.1 1
0.8 0.2 62
0.8 0.3 603
0.8 0.4 3730
0.8 0.5 7475
0.8 0.6 4057
0.8 0.7 601
0.8 0.8 50
0.8 0.9 8
0.8 1 2
0.8 1.1 9
0.8 1.2 76
0.8 1.3 887
0.8 1.4 5662
0.8 1.5 11524
0.8 1.6 5371
0.8 1.7 1866
0.8 1.8 89
0.8 1.9 16
0.8 2 3
0.9 -2 6
0.9 -1.8 13
0.9 -1.7 146
0.9 -1.6 1285
0.9 -1.5 2121
0.9 -1.4 1051
0.9 -1.3 223
0.9 -1.2 17
0.9 -0.8 16
0.9 -0.7 123
0.9 -0.6 889
0.9 -0.5 1501
0.9 -0.4 818
0.9 -0.3 141
0.9 -0.2 6
0.9 -0.1 4
0.9 0 4
0.9 0.1 2
0.9 0.2 20
0.9 0.3 163
0.9 0.4 977
0.9 0.5 2105
0.9 0.6 961
0.9 0.7 198
0.9 0.8 17
0.9 0.9 4
0.9 1 3
0.9 1.1 1
0.9 1.2 16
0.9 1.3 212
0.9 1.4 1351
0.9 1.5 2949
0.9 1.6 1481
0.9 1.7 526
0.9 1.8 23
0.9 1.9 1
0.9 2 1
1 -1.7 5
1 -1.6 86
1 -1.5 256
1 -1.4 97
1 -1.3 10
1 -1.2 1
1 -0.8 1
1 -0.7 22
1 -0.6 100
1 -0.5 178
1 -0.4 97
1 -0.3 17
1 -0.2 2
1 0.3 8
1 0.4 156
1 0.5 217
1 0.6 116
1 0.7 23
1 0.8 2
1 1.2 1
1 1.3 25
1 1.4 172
1 1.5 295
1 1.6 132
1 1.7 44
1 1.8 9
1.1 -1.5 26
1.1 -1.4 3
1.1 -1.2 1
1.1 -0.8 1
1.1 -0.7 2
1.1 -0.6 21
1.1 -0.5 15
1.1 -0.4 3
1.1 0.2 1
1.1 0.4 16
1.1 0.5 15
1.1 0.6 8
1.1 0.7 5
1.1 1.3 1
1.1 1.4 11
1.1 1.5 17
1.1 1.6 5
1.2 -1.6 5
1.2 -1.5 3
1.2 -1.4 1
1.2 -0.6 1
1.2 -0.5 2
1.2 0.5 8
1.2 0.6 4
1.2 1.4 2
1.2 1.5 1
1.3 -1.6 3
1.3 -1.5 1
1.3 -1.4 2
1.3 -0.6 1
1.3 -0.4 1
1.3 -0.3 3
1.3 0.4 3
1.3 0.6 3
1.3 0.7 2
1.3 1.4 5
1.4 -1.6 6
1.4 -1.5 10
1.4 -1.4 16
1.4 -0.7 2
1.4 -0.6 3
1.4 -0.5 5
1.4 -0.4 16
1.4 -0.3 1
1.4 0.3 3
1.4 0.4 1
1.4 0.5 18
1.4 0.6 6
1.4 0.7 3
1.4 0.8 5
1.4 1.2 1
1.4 1.4 5
1.4 1.5 12
1.4 1.6 1
1.4 1.7 2
1.5 -1.7 15
1.5 -1.6 113
1.5 -1.5 194
1.5 -1.4 90
1.5 -1.3 12
1.5 -0.8 1
1.5 -0.7 14
1.5 -0.6 138
1.5 -0.5 278
1.5 -0.4 130
1.5 -0.3 16
1.5 -0.2 3
1.5 0.3 22
1.5 0.4 97
1.5 0.5 217
1.5 0.6 90
1.5 0.7 25
1.5 0.8 1
1.5 1.2 1
1.5 1.3 9
1.5 1.4 73
1.5 1.5 167
1.5 1.6 89
1.5 1.7 30
1.5 1.9 1
1.6 -1.9 1
1.6 -1.8 5
1.6 -1.7 177
1.6 -1.6 776
1.6 -1.5 1559
1.6 -1.4 751
1.6 -1.3 142
1.6 -1.2 10
1.6 -1.1 2
1.6 -1 1
1.6 -0.8 7
1.6 -0.7 194
1.6 -0.6 1165
1.6 -0.5 2311
1.6 -0.4 1224
1.6 -0.3 165
1.6 -0.2 47
1.6 -0.1 2
1.6 0.2 16
1.6 0.3 149
1.6 0.4 1079
1.6 0.5 1843
1.6 0.6 931
1.6 0.7 151
1.6 0.8 19
1.6 0.9 1
1.6 1 2
1.6 1.2 8
1.6 1.3 123
1.6 1.4 898
1.6 1.5 1495
1.6 1.6 821
1.6 1.7 246
1.6 1.8 21
1.6 1.9 4
1.7 -2 2
1.7 -1.9 3
1.7 -1.8 39
1.7 -1.7 366
1.7 -1.6 2967
1.7 -1.5 5898
1.7 -1.4 2977
1.7 -1.3 472
1.7 -1.2 58
1.7 -1 1
1.7 -0.9 17
1.7 -0.8 82
1.7 -0.7 673
1.7 -0.6 4439
1.7 -0.5 8818
1.7 -0.4 4325
1.7 -0.3 650
1.7 -0.2 60
1.7 -0.1 3
1.7 0 1
1.7 0.1 5
1.7 0.2 44
1.7 0.3 634
1.7 0.4 3559
1.7 0.5 6851
1.7 0.6 3466
1.7 0.7 554
1.7 0.8 51
1.7 0.9 1
1.7 1 2
1.7 1.1 10
1.7 1.2 54
1.7 1.3 481
1.7 1.4 3050
1.7 1.5 5403
1.7 1.6 2744
1.7 1.7 874
1.7 1.8 48
1.7 1.9 14
1.7 2 3
1.8 -2 8
1.8 -1.9 2
1.8 -1.8 38
1.8 -1.7 686
1.8 -1.6 6708
1.8 -1.5 15102
1.8 -1.4 7341
1.8 -1.3 835
1.8 -1.2 41
1.8 -1.1 2
1.8 -1 1
1.8 -0.9 4
1.8 -0.8 41
1.8 -0.7 921
1.8 -0.6 9724
1.8 -0.5 21803
1.8 -0.4 9972
1.8 -0.3 1174
1.8 -0.2 20
1.8 -0.1 6
1.8 0 2
1.8 0.1 3
1.8 0.2 45
1.8 0.3 795
1.8 0.4 7564
1.8 0.5 18987
1.8 0.6 7691
1.8 0.7 835
1.8 0.8 39
1.8 0.9 2
1.8 1 1
1.8 1.2 42
1.8 1.3 740
1.8 1.4 6332
1.8 1.5 14057
1.8 1.6 6415
1.8 1.7 1386
1.8 1.8 30
1.8 2 1
1.9 -1.9 1
1.9 -1.8 8
1.9 -1.7 155
1.9 -1.6 1422
1.9 -1.5 3152
1.9 -1.4 1274
1.9 -1.3 173
1.9 -1.2 10
1.9 -1.1 3
1.9 -0.8 8
1.9 -0.7 213
1.9 -0.6 2017
1.9 -0.5 4414
1.9 -0.4 2084
1.9 -0.3 174
1.9 -0.2 7
1.9 0.2 9
1.9 0.3 157
1.9 0.4 1787
1.9 0.5 3496
1.9 0.6 1421
1.9 0.7 211
1.9 0.8 6
1.9 0.9 1
1.9 1 1
1.9 1.2 7
1.9 1.3 181
1.9 1.4 1387
1.9 1.5 3136
1.9 1.6 1300
1.9 1.7 282
1.9 1.8 7
2 -1.7 4
2 -1.6 124
2 -1.5 314
2 -1.4 156
2 -1.3 20
2 -0.8 2
2 -0.7 16
2 -0.6 222
2 -0.5 388
2 -0.4 168
2 -0.3 6
2 -0.2 4
2 0.3 22
2 0.4 152
2 0.5 364
2 0.6 164
2 0.7 16
2 0.8 2
2 1.3 12
2 1.4 136
2 1.5 370
2 1.6 140
2 1.7 22
