       1681          -2        -1.9        -1.8        -1.7        -1.6        -1.5        -1.4        -1.3        -1.2        -1.1          -1        -0.9        -0.8        -0.7        -0.6        -0.5        -0.4        -0.3        -0.2        -0.1           0         0.1         0.2         0.3         0.4         0.5         0.6         0.7         0.8         0.9           1         1.1         1.2         1.3         1.4         1.5         1.6         1.7         1.8         1.9           2
         -2  9.15859375   9.8015625  10.1390625    10.71875   11.234375  11.4578125   11.159375  10.6140625   10.390625   9.7984375      9.4375    9.590625   10.040625      10.725  11.3671875  11.5015625    11.33125     10.7125       10.25   9.6859375   9.4953125   9.6078125     10.2375  10.8984375   11.303125   11.534375   11.265625   10.840625    10.39375     9.85625    9.621875     9.79375  10.4046875  10.9796875  11.3703125  11.5578125    11.30625  10.7234375   10.246875   9.6765625   9.4234375
       -1.9    9.090625  9.29453125  9.76171875    10.43125  10.7578125 10.98359375 10.83046875   10.209375    9.809375   9.1984375   9.0859375     9.16875  9.70546875  10.3203125 10.86015625   11.103125 10.85859375   10.340625  9.92109375      9.3625    9.090625  9.36640625     9.74375 10.38203125 10.87109375 11.02421875 10.91328125    10.58125 10.02265625    9.409375  9.19921875  9.34453125    9.903125  10.4859375  10.8984375 11.15234375  10.8765625 10.44453125  9.73828125   9.0578125   9.1421875
       -1.8   8.8203125  8.98671875  9.46640625 10.08046875 10.44453125  10.6890625 10.40390625   10.028125      9.4625   8.7734375  8.70703125    8.953125  9.34765625    10.01875   10.578125  10.8234375     10.5375  10.0328125   9.4078125   9.0453125      8.6875  8.88828125      9.4625 10.03671875  10.5109375 10.74296875 10.59609375 10.04140625   9.5265625  8.96484375  8.83984375  9.07578125   9.5890625 10.11015625       10.55 10.78046875  10.6265625 10.05546875  9.56171875  8.89921875     8.79375
       -1.7   8.7640625   8.9078125  9.46640625  10.0609375 10.46171875 10.73671875 10.43515625 10.08203125  9.35546875   8.9109375  8.80078125    8.928125      9.3875 10.07734375   10.515625   10.853125  10.6328125    10.06875  9.34765625  8.99609375  8.77890625  8.89765625     9.45625  10.0703125  10.4796875 10.68828125 10.53359375  10.2171875    9.521875     8.99375   8.8453125      8.9125   9.5453125 10.08671875  10.5546875  10.7453125 10.56953125   10.028125  9.48828125  8.96796875        8.85
       -1.6      9.1625   9.4390625   9.8359375 10.53515625    10.84375   11.096875  10.8359375   10.321875  9.81796875  9.31953125     9.10625       9.375  9.82734375 10.43828125  10.8984375 11.09296875  10.9296875  10.4109375   9.7171875  9.24609375   9.1390625  9.26171875  9.83203125 10.39453125 10.94921875 11.04296875 10.94609375    10.49375  9.80546875  9.28515625  9.09765625  9.29140625   9.7671875 10.43828125   10.915625  11.0609375 10.87265625  10.4296875       9.825  9.42265625   9.2484375
       -1.5      9.6375  9.86328125  10.4828125 11.07265625  11.4984375  11.6234375 11.45859375          11 10.33046875  9.81484375   9.6734375   9.9015625 10.38984375  10.9671875   11.359375    11.70625 11.41015625  10.8203125 10.42734375  9.87421875  9.69765625        9.85 10.33828125 10.84140625     11.4125  11.6015625    11.55625 11.17421875 10.39140625  9.97421875  9.75078125       9.875      10.425 11.01640625    11.53125 11.70703125 11.48046875 11.01015625 10.38515625  9.85546875   9.6671875
       -1.4   10.453125  10.4890625 11.08671875  11.5296875 12.00078125 12.31171875 12.00703125  11.5578125 10.95859375   10.353125 10.31015625  10.4703125 10.88671875  11.5015625 12.02890625 12.18515625   12.009375 11.45859375 10.91640625   10.503125    10.20625 10.36328125 10.98671875  11.5046875 12.13515625   12.371875 12.09609375   11.715625 11.01640625    10.54375 10.39453125  10.4796875  11.0203125    11.60625 12.13984375 12.26640625   12.121875   11.621875  10.9078125   10.403125   10.271875
       -1.3   10.615625 10.80234375  11.3515625 11.89296875 12.44609375 12.59296875  12.3953125   11.928125 11.16796875   10.765625  10.6484375  10.7171875 11.33984375 11.86953125  12.3703125   12.490625 12.33984375 11.86484375  11.1390625 10.77578125 10.46484375 10.72578125  11.2234375 11.94296875 12.44453125   12.584375  12.5484375 12.04296875 11.35390625  10.8265625 10.69296875 10.91796875 11.46328125    12.05625 12.51328125 12.66796875  12.4484375  12.0140625  11.3765625 10.72109375  10.5796875
       -1.2   9.4890625  10.0703125  10.9921875    12.34375        13.1 13.43984375 13.11171875 12.19296875 10.93515625  9.83515625  9.47734375  9.86640625 11.09453125   12.265625 13.08046875  13.4515625 13.04453125  12.2296875 10.95234375    9.909375  9.58671875   9.9203125     10.8875  12.2484375 13.16953125  13.7109375  13.2984375  12.3890625   11.165625    9.896875    9.728125 10.05546875     11.0875 12.41328125 13.18203125 13.68515625  13.1359375 12.24453125    11.01875    9.909375    9.540625
       -1.1   8.8390625   9.3390625  10.2796875 11.47109375   12.484375 12.88515625  12.3796875   11.590625   10.284375     9.30625    8.928125   9.2859375 10.33828125    11.50625  12.5578125 12.78203125 12.43828125 11.50703125 10.24453125   9.1921875  8.79921875  9.15078125 10.19765625   11.553125   12.396875  12.8734375   12.621875 11.59296875   10.434375  9.46640625  8.86328125  9.41015625    10.31875 11.60546875  12.5953125 13.04140625   12.521875   11.559375 10.17109375  9.21328125   8.7953125
         -1    7.715625  8.16171875  9.21484375 10.26015625 11.31640625 11.77421875  11.3484375       10.55  9.11484375       8.125  7.72265625   8.1109375  9.11484375  10.4671875  11.3484375 11.74765625 11.31953125   10.415625   9.1546875  8.05234375   7.6671875  8.21171875  9.06796875 10.35078125 11.36640625 11.85390625  11.3390625   10.521875  9.26796875  8.22578125     7.86875  8.25234375      9.2875    10.44375  11.4140625   11.840625 11.32421875 10.44296875     9.13125   8.0984375   7.8109375
       -0.9       6.725      7.0375         7.9  9.26171875 10.21796875 10.46640625 10.21796875  9.22578125  8.03515625     6.90625   6.5890625    7.084375    7.965625  9.27109375 10.22734375 10.61015625  10.1296875  9.16796875  7.91328125  6.96171875  6.56171875  6.93203125  8.02890625     9.14375       10.15 10.55703125 10.16796875  9.31484375    8.053125  7.05703125  6.58515625  7.00390625  8.10546875  9.33203125   10.234375  10.5734375    10.23125       9.275      7.9375  7.03984375     6.66875
       -0.8    5.846875     6.28125  7.36953125    8.459375        9.45     9.76875   9.3890625  8.46796875   7.3078125  6.37734375  5.89140625  6.15703125    7.259375  8.35390625  9.38671875  9.68515625   9.4265625   8.3640625  7.19296875   6.1453125  5.78359375  6.23828125    7.146875   8.4671875      9.4125  9.97578125  9.58984375   8.5421875    7.321875  6.36484375     5.84375  6.27890625   7.4359375   8.4765625  9.38515625  9.80546875  9.47109375  8.48046875    7.303125   6.2796875   5.8234375
       -0.7   5.8734375    6.246875   7.1671875  8.43046875    9.553125   9.7890625  9.47890625  8.47109375  7.12421875   6.2390625    5.865625  6.20390625  7.27421875  8.44609375   9.5171875   9.8921875   9.3546875  8.43984375  7.18359375  6.24765625   5.7984375  6.29296875      7.3125    8.378125   9.3859375   9.6265625  9.41328125   8.6078125  7.29140625  6.29140625    5.909375  6.30234375   7.2453125  8.57265625   9.4359375  9.81640625  9.47890625  8.45078125  7.16953125  6.32578125    5.959375
       -0.6     6.64375    6.878125      7.8875  9.13046875 10.10546875  10.4984375  10.0859375  9.25546875    7.871875  6.99296875   6.6109375       6.875    7.965625  9.16015625   10.090625  10.5578125  10.1890625  9.26328125  7.96328125  6.77734375        6.45  6.94609375   7.9234375   9.1515625 10.09609375 10.43671875 10.21015625    9.371875       8.125  7.09453125   6.7203125  7.10390625   8.1109375   9.2265625   10.096875  10.5328125 10.29765625   9.2546875  7.96953125    6.971875      6.6125
       -0.5     7.55625  8.17421875  9.17421875 10.45859375  11.2234375     11.6375  11.4390625 10.46953125  9.18671875  8.08671875   7.6984375   8.1234375     9.21875  10.2953125 11.44296875 11.71484375  11.2890625  10.3578125     9.18125  8.08359375  7.78203125   8.2015625  9.08046875 10.43984375 11.31796875 11.75546875   11.390625 10.51484375    9.190625  8.29296875  7.83046875    8.165625   9.0890625 10.40390625  11.4046875  11.7140625 11.34140625  10.3578125   9.1078125  8.15390625     7.71875
       -0.4    8.871875    9.215625 10.30390625 11.52734375  12.5828125  12.7765625 12.67734375 11.49453125   10.240625  9.19765625     8.84375    9.284375   10.371875 11.54140625 12.45703125      12.775   12.453125 11.64921875 10.32734375  9.14609375    8.903125    9.253125   10.290625    11.55625  12.4421875     12.9125  12.5703125    11.69375 10.39453125   9.3796875  8.97734375   9.3171875 10.44453125 11.50703125  12.4890625 12.90859375 12.54296875   11.503125   10.209375   9.2765625   9.0296875
       -0.3   9.5390625   9.9515625 11.06953125    12.15625   13.184375 13.55390625       13.25 12.07109375   10.959375   9.9984375   9.5015625  9.92265625  11.0515625  12.2859375 13.25859375 13.56015625 13.05078125 12.24609375 11.15078125 10.00546875  9.69921875 10.02421875 10.97578125     12.2125 13.30546875 13.51484375  13.2296875 12.24609375 11.04296875     9.95625  9.61640625  9.87265625  11.0484375 12.09921875 13.03203125 13.55390625   13.228125  12.1265625   11.109375  9.95390625    9.546875
       -0.2   8.3515625      9.3125   10.703125  12.6234375 14.09453125 14.44765625   13.903125  12.5453125 10.56171875  9.01328125  8.58828125  9.20546875 10.75234375 12.48203125 13.89609375  14.3890625   13.909375    12.56875   10.690625   9.2546875    8.521875    9.159375   10.871875       12.65 14.01484375 14.56171875 14.02421875    12.54375 10.93046875   9.2828125  8.60859375  9.25390625  10.6296875 12.63359375 14.09609375 14.56328125  14.0046875   12.659375 10.73359375  9.17578125     8.46875
       -0.1    7.653125   8.3703125   9.8359375   11.665625  12.9453125     13.3625 12.90390625   11.453125  9.78203125  8.05234375   7.4703125   8.0734375  9.72109375 11.47734375   12.890625 13.37734375  13.0359375 11.41171875  9.80234375     8.09375  7.66171875    8.221875  9.70546875 11.65703125   13.015625 13.61015625 13.02578125 11.67109375     9.70625      8.2375  7.53671875     8.20625     9.74375 11.56796875  12.8859375 13.35234375 13.05390625 11.53515625   9.8234375   8.0015625     7.60625
          0     5.81875  6.42265625  8.14765625   9.9859375    11.36875     11.7375 11.16015625  9.92734375    8.134375  6.46796875    5.928125  6.42734375  8.04921875  9.85546875 11.25546875 11.81015625 11.28046875   9.8953125  8.03359375  6.49765625      5.8625     6.56875   7.9984375     9.90625    11.39375 11.81328125 11.36484375   9.8984375   8.1734375  6.44453125  6.03515625     6.39375     8.14375    9.803125    11.30625  11.8453125 11.33671875 10.01171875  8.14765625     6.58125    5.990625
        0.1       4.225   4.8484375  6.30859375   8.2078125   9.4546875  9.92421875  9.53984375  8.00703125  6.38359375  4.80546875  4.08984375  4.68046875   6.2859375    8.021875  9.42578125 10.08203125  9.41640625   8.1765625   6.1484375  4.64765625  4.19921875   4.7140625  6.31953125   8.1265625  9.48046875 10.13828125    9.565625  8.17265625  6.34765625    4.721875   4.1515625  4.61953125  6.37578125   7.8859375  9.49296875    10.04375  9.60703125  8.13359375   6.1953125  4.82890625   4.2046875
        0.2   3.1609375    3.646875  5.05859375  6.97265625  8.26953125  8.86484375  8.20859375   6.8015625     5.06875  3.42578125    2.928125   3.3921875  5.14921875    6.834375         8.3  8.76484375   8.1921875  6.79921875  4.98046875  3.54453125   2.8703125    3.665625    5.109375  6.97265625    8.340625  8.87421875  8.42421875  7.18671875  5.25078125  3.68984375  2.86796875     3.49375      5.1125  6.89609375   8.3453125    8.890625  8.30859375   7.0140625  5.12421875  3.66484375   2.9609375
        0.3   3.1109375   3.5640625  5.20390625   6.9734375  8.41796875    8.915625  8.31484375  6.90234375       5.125   3.4765625  2.84921875      3.5125  5.17109375    6.953125  8.36953125   8.7484375   8.3453125   6.7828125  4.93828125  3.41015625       2.825   3.5921875  5.14921875  7.05234375  8.43359375  8.83359375  8.42421875     6.95625  5.19765625    3.478125   2.8734375  3.70703125   5.1390625  6.93359375   8.3421875  8.83046875  8.42265625           7  5.05703125  3.53203125   3.1234375
        0.4       4.025   4.7640625   6.3859375    8.046875  9.43984375     9.99375     9.49375    7.921875    6.109375    4.590625  4.05546875  4.88046875  6.13203125    7.928125  9.55859375  9.88046875  9.49453125    8.040625  6.14765625  4.60703125   4.0109375  4.75390625   6.3078125  8.17578125  9.68203125  10.0703125  9.59140625  8.08203125  6.22890625  4.71796875   4.0109375  4.79609375  6.37578125   8.1453125   9.5453125  10.1234375   9.4265625    7.965625  6.36953125     4.80625   4.0578125
        0.5    5.784375  6.58671875    8.084375  9.74765625  11.1703125 11.77734375   11.115625   9.7765625  8.07578125       6.425  5.88828125  6.59765625   7.9921875    9.921875    11.33125  11.7390625  11.2984375   9.6734375  7.99140625  6.39453125    5.728125    6.465625  8.00078125   9.9453125  11.2453125    11.85625 11.39140625   9.7453125  8.10234375  6.55703125  5.90078125    6.478125  8.08828125    9.953125 11.16171875 11.72265625 11.19453125    9.996875   7.9828125  6.53046875   5.8015625
        0.6     7.55625   8.0015625  9.77265625  11.5328125 12.97109375 13.38515625 12.77265625        11.5    9.709375   8.1640625  7.65546875      8.1875    9.715625    11.45625  12.8359375  13.3390625 12.88984375 11.50390625  9.57578125  8.20859375  7.39609375  8.15078125       9.775 11.56171875  12.9640625     13.5875  12.8921875 11.53359375   9.7578125   8.2640625   7.6203125  8.43203125   9.6046875   11.509375 12.94296875    13.41875  12.9203125 11.58359375   9.7640625     8.05625    7.509375
        0.7   8.5765625   9.2265625 10.69296875      12.575 13.83515625 14.38203125   13.859375  12.4640625  10.6046875  9.25859375  8.60234375   9.1734375 10.72734375     12.4875 13.73515625  14.3390625 13.91328125      12.525     10.7125    9.090625  8.59609375  9.11484375    10.79375   12.646875    13.93125 14.39609375      13.875    12.54375  10.6109375   9.2421875  8.59765625  9.16015625 10.74765625  12.5328125  13.9265625   14.465625 13.96015625  12.6203125 10.58828125   9.2640625    8.584375
        0.8   7.5859375    8.403125 10.38046875 12.89296875 14.68515625   15.390625 14.58203125 12.76953125  10.4890625   8.3296875   7.3953125   8.3703125  10.3796875  12.6921875  14.6015625  15.2671875  14.6796875 12.72890625  10.2390625     8.44375  7.49921875    8.415625 10.47109375     12.6875 14.68671875   15.378125  14.6203125   12.821875 10.46328125   8.2234375  7.47109375    8.403125 10.53984375 12.84140625  14.6734375 15.43359375 14.67890625  12.7796875 10.44453125   8.3234375       7.525
        0.9     6.19375    7.184375   9.1171875 11.41640625 13.38046875     14.1125 13.44296875 11.53671875    9.259375     6.99375    6.109375   6.9390625    9.078125       11.35 13.33671875   14.059375 13.36328125 11.40703125   9.0703125   6.8078125     6.13125  7.00234375  9.12734375   11.578125 13.42421875  14.0015625 13.44921875 11.46171875     9.10625  7.11328125   6.2359375  7.11328125        9.15 11.57734375 13.43359375 14.12421875 13.44609375  11.6140625     9.16875   6.9734375   6.0546875
          1   4.0203125    4.684375   6.8203125   9.3234375 11.11484375 11.75390625 11.26640625   9.4234375  7.01953125        4.65  4.03671875   4.8265625  6.81328125  9.18671875 10.88828125 11.69921875  10.9734375  9.25234375   7.1859375   4.9765625     3.99375  4.91953125  6.98046875  9.30859375  11.2421875 11.80703125  11.1109375   9.3265625    6.915625  4.81328125   4.0890625  4.92890625  6.77109375   9.3828125  11.2359375 11.88984375   11.065625   9.2390625    6.890625  4.87421875    3.909375
        1.1      1.6125   2.2796875  4.38359375  6.98828125    8.634375         9.4    8.696875  7.04453125   4.6171875  2.27109375   1.4390625      2.2125   4.3703125  6.84296875  8.58203125    9.240625   8.6640625  6.76328125  4.28046875    2.578125  1.63359375  2.40546875  4.52109375    6.796875   8.8890625   9.6015625  8.78828125  6.76328125  4.68203125  2.36328125         1.6   2.3546875  4.70390625  6.91953125  8.60703125  9.51796875  8.78046875  6.93515625   4.7078125  2.25546875    1.640625
        1.2           0       0.825   2.9515625  5.31640625   7.2703125  7.91640625   7.2546875  5.09296875    2.765625     0.73125 -0.00234375  0.59921875   2.7453125  5.13828125  7.06953125    7.796875  7.05546875   5.3515625  2.92421875  0.68984375     0.05625  0.93828125  2.86796875   5.4046875  7.42109375  8.04140625  7.11640625   5.3609375    2.890625    0.796875   0.0328125    0.940625   2.9703125  5.37890625  7.33359375    7.815625    7.115625   5.4109375      3.0875    0.971875       0.125
        1.3    -0.13125  0.77578125  2.84453125  5.27421875  7.19765625   7.8828125  7.26953125  5.30078125  2.66640625   0.7078125  -0.0421875       0.625  2.81171875  5.29453125  7.15546875   7.7609375   7.0765625  5.17890625   2.9265625   0.8515625  0.03984375     0.84375       3.125      5.4625  7.21484375   7.8796875  7.39609375    5.434375   3.0046875   0.7703125   0.0265625   0.7546875  2.82421875      5.3125  7.15390625   7.8203125  7.09140625   5.3859375  3.02734375     0.73125    -0.03125
        1.4   1.4578125     2.33125  4.48203125   6.8546875  8.75078125  9.45078125    8.584375  6.83203125   4.4578125   2.2734375  1.53515625       2.325    4.428125  6.99296875    8.615625         9.3       8.625       6.875     4.28125  2.47734375  1.62734375   2.4828125    4.471875  7.02578125   8.7421875   9.5890625   8.8796875  7.00546875    4.584375   2.4796875  1.48046875   2.3953125     4.55625     6.86875   8.9109375   9.5765625   8.6359375  6.73203125  4.51328125   2.3390625   1.5609375
        1.5   3.8828125      4.7625  6.80390625   9.4328125    10.96875 11.84453125 11.11484375  9.20546875    6.690625  4.61796875     3.81875   4.8046875  6.74453125  9.36484375 10.94609375      11.625 11.05703125  9.44453125    6.846875     4.91875        4.05     4.78125  6.96953125  9.28671875      11.125  12.0078125 11.11015625    9.359375  6.90390625  4.60234375     4.04375  4.73203125      7.0125  9.44609375   11.046875 11.71171875 11.14921875    9.240625  6.85546875     4.73125    4.028125
        1.6    5.934375   6.9703125   9.0546875  11.4859375  13.3640625  14.0140625   13.465625 11.41484375  8.91171875     6.71875   6.0078125  6.91796875    9.028125  11.5234375    13.41875  13.9328125 13.43515625  11.4859375   9.0859375   7.1171875  6.22109375     7.09375  9.18046875 11.71796875 13.37265625 14.13984375 13.39296875   11.584375    9.078125  6.99296875      6.2625   6.9765625  9.12734375  11.4890625  13.3890625  14.0703125 13.32734375  11.5453125     8.93125  6.98671875   6.0765625
        1.7   7.3390625  8.21328125    10.35625 12.85234375  14.6546875 15.37734375 14.57421875 12.59921875  10.3453125  8.29453125  7.42578125  8.22421875  10.2203125 12.78203125 14.68046875   15.278125   14.690625   12.728125   10.353125   8.4546875    7.484375  8.36953125 10.61171875 12.84453125  14.6734375 15.34296875 14.75234375  12.9265625  10.6859375       8.425  7.48359375   8.3890625  10.3671875 12.98828125   14.709375 15.31171875 14.64921875  12.6046875 10.31328125   8.3390625   7.3296875
        1.8   6.3515625  7.47109375  9.91953125 13.09609375 15.31796875  16.3828125 15.42421875   13.103125   10.096875  7.32890625   6.3421875  7.50703125 10.11640625  13.1015625 15.43515625 16.15703125 15.49921875 13.20234375 10.20546875   7.4578125  6.41015625   7.5703125 10.27265625   13.346875  15.6703125 16.32578125 15.49140625  13.3703125  10.3640625  7.66484375    6.521875   7.5734375  10.2171875 13.35859375 15.49921875   16.240625  15.4296875 13.07890625   10.265625   7.3609375    6.328125
        1.9    4.921875  5.88515625   8.4734375 11.53984375 13.75859375   14.646875  13.8921875 11.47421875   8.4984375    6.046875   4.6296875  5.78515625   8.6984375     11.6375 13.66015625 14.74140625  13.9140625 11.58984375       8.675  5.94609375  4.85078125  5.97578125  8.67578125 11.66171875 13.90859375     14.8125   13.790625      11.725  8.44140625  5.91328125   4.8859375   6.0234375   8.4546875 11.69609375  13.9171875    14.61875 14.03828125    11.46875   8.6015625   5.9703125    4.715625
          2   2.2328125   3.4640625     6.23125   9.0703125     11.4625    12.34375  11.5546875      9.2875    6.365625    3.515625    2.528125   3.5390625    6.190625   9.4390625   11.509375    12.28125  11.5546875   9.3484375    6.296875       3.675   2.5359375   3.7109375    6.246875    9.396875  11.6890625    12.33125     11.6375   9.5140625   6.4109375   3.6828125   2.7703125    3.803125   6.3921875   9.2765625  11.7515625  12.4296875     11.6875   9.0453125   6.2859375   3.7171875  2.15546875