         -2    5.934375
       -1.9   6.9703125
       -1.8   9.0546875
       -1.7  11.4859375
       -1.6  13.3640625
       -1.5  14.0140625
       -1.4   13.465625
       -1.3 11.41484375
       -1.2  8.91171875
       -1.1     6.71875
         -1   6.0078125
       -0.9  6.91796875
       -0.8    9.028125
       -0.7  11.5234375
       -0.6    13.41875
       -0.5  13.9328125
       -0.4 13.43515625
       -0.3  11.4859375
       -0.2   9.0859375
       -0.1   7.1171875
          0  6.22109375
        0.1     7.09375
        0.2  9.18046875
        0.3 11.71796875
        0.4 13.37265625
        0.5 14.13984375
        0.6 13.39296875
        0.7   11.584375
        0.8    9.078125
        0.9  6.99296875
          1      6.2625
        1.1   6.9765625
        1.2  9.12734375
        1.3  11.4890625
        1.4  13.3890625
        1.5  14.0703125
        1.6 13.32734375
        1.7  11.5453125
        1.8     8.93125
        1.9  6.98671875
          2   6.0765625